Rest;0;0.00,0.00,0.00,1.00;0.00,0.00,0.00,0.00;0.00,0.00,0.00,0.00;0.00,0.00,0.00,0.00;0.00,0.00,0.00,0.00;0.00,0.00,0.00,0.00;0.00,0.00,0.00,0.00;0.00,0.00,0.00,0.00;0.00,0.00,0.00,0.00;0.00,0.00,0.00,0.00;0.00,0.00,0.00,0.00;0.00,0.00,0.00,0.00;0.15;
Thumb Flex;0;1.00,0.00,3.00,1.00;0.00,0.00,0.00,0.00;0.00,0.00,0.00,0.00;0.00,0.00,0.00,0.00;0.00,0.00,0.00,0.00;0.00,0.00,0.00,0.00;0.00,0.00,0.00,0.00;0.00,0.00,0.00,0.00;0.00,0.00,0.00,0.00;0.00,0.00,0.00,0.00;0.00,0.00,0.00,0.00;0.00,0.00,0.00,0.00;0.15;
Thumb Ext;0;-1.00,0.00,3.00,1.00;0.00,0.00,0.00,0.00;0.00,0.00,0.00,0.00;0.00,0.00,0.00,0.00;0.00,0.00,0.00,0.00;0.00,0.00,0.00,0.00;0.00,0.00,0.00,0.00;0.00,0.00,0.00,0.00;0.00,0.00,0.00,0.00;0.00,0.00,0.00,0.00;0.00,0.00,0.00,0.00;0.00,0.00,0.00,0.00;0.15;
Index Flex;0;0.00,0.00,0.00,0.00;1.00,0.00,3.00,1.00;0.00,0.00,0.00,0.00;0.00,0.00,0.00,0.00;0.00,0.00,0.00,0.00;0.00,0.00,0.00,0.00;0.00,0.00,0.00,0.00;0.00,0.00,0.00,0.00;0.00,0.00,0.00,0.00;0.00,0.00,0.00,0.00;0.00,0.00,0.00,0.00;0.00,0.00,0.00,0.00;0.15;
Index Ext;0;0.00,0.00,0.00,0.00;-1.00,0.00,3.00,1.00;0.00,0.00,0.00,0.00;0.00,0.00,0.00,0.00;0.00,0.00,0.00,0.00;0.00,0.00,0.00,0.00;0.00,0.00,0.00,0.00;0.00,0.00,0.00,0.00;0.00,0.00,0.00,0.00;0.00,0.00,0.00,0.00;0.00,0.00,0.00,0.00;0.00,0.00,0.00,0.00;0.15;
Middle Flex;0;0.00,0.00,0.00,0.00;0.00,0.00,0.00,0.00;1.00,0.00,3.00,1.00;1.00,0.00,3.00,1.00;1.00,0.00,3.00,1.00;0.00,0.00,0.00,0.00;0.00,0.00,0.00,0.00;0.00,0.00,0.00,0.00;0.00,0.00,0.00,0.00;0.00,0.00,0.00,0.00;0.00,0.00,0.00,0.00;0.00,0.00,0.00,0.00;0.15;
Middle Ext;0;0.00,0.00,0.00,0.00;0.00,0.00,0.00,0.00;-1.00,0.00,3.00,1.00;-1.00,0.00,3.00,1.00;-1.00,0.00,3.00,1.00;0.00,0.00,0.00,0.00;0.00,0.00,0.00,0.00;0.00,0.00,0.00,0.00;0.00,0.00,0.00,0.00;0.00,0.00,0.00,0.00;0.00,0.00,0.00,0.00;0.00,0.00,0.00,0.00;0.15;
thumb out;0;0.00,0.00,0.00,0.00;0.00,0.00,0.00,0.00;0.00,0.00,0.00,0.00;0.00,0.00,0.00,0.00;0.00,0.00,0.00,0.00;1.00,0.00,3.00,1.00;0.00,0.00,0.00,0.00;0.00,0.00,0.00,0.00;0.00,0.00,0.00,0.00;0.00,0.00,0.00,0.00;0.00,0.00,0.00,0.00;0.00,0.00,0.00,0.00;0.15;
thumb in;0;0.00,0.00,0.00,0.00;0.00,0.00,0.00,0.00;0.00,0.00,0.00,0.00;0.00,0.00,0.00,0.00;0.00,0.00,0.00,0.00;-1.00,0.00,3.00,1.00;0.00,0.00,0.00,0.00;0.00,0.00,0.00,0.00;0.00,0.00,0.00,0.00;0.00,0.00,0.00,0.00;0.00,0.00,0.00,0.00;0.00,0.00,0.00,0.00;0.15;
grasp;0;1.00,0.00,3.00,1.00;1.00,0.00,3.00,1.00;1.00,0.00,3.00,1.00;1.00,0.00,3.00,1.00;1.00,0.00,3.00,1.00;0.00,0.00,0.00,0.00;0.00,0.00,0.00,0.00;0.00,0.00,0.00,0.00;0.00,0.00,0.00,0.00;0.00,0.00,0.00,0.00;0.00,0.00,0.00,0.00;0.00,0.00,0.00,0.00;0.15;
extend all;0;-1.00,0.00,3.00,1.00;-1.00,0.00,3.00,1.00;-1.00,0.00,3.00,1.00;-1.00,0.00,3.00,1.00;-1.00,0.00,3.00,1.00;0.00,0.00,0.00,0.00;0.00,0.00,0.00,0.00;0.00,0.00,0.00,0.00;0.00,0.00,0.00,0.00;0.00,0.00,0.00,0.00;0.00,0.00,0.00,0.00;0.00,0.00,0.00,0.00;0.15;
wrist pronate;0;0.00,0.00,0.00,0.00;0.00,0.00,0.00,0.00;0.00,0.00,0.00,0.00;0.00,0.00,0.00,0.00;0.00,0.00,0.00,0.00;0.00,0.00,0.00,0.00;0.00,0.00,0.00,0.00;0.00,0.00,0.00,0.00;0.00,0.00,0.00,0.00;0.00,0.00,0.00,0.00;0.00,0.00,0.00,0.00;1.00,0.00,3.00,1.00;0.15;
wrist supinate;0;0.00,0.00,0.00,0.00;0.00,0.00,0.00,0.00;0.00,0.00,0.00,0.00;0.00,0.00,0.00,0.00;0.00,0.00,0.00,0.00;0.00,0.00,0.00,0.00;0.00,0.00,0.00,0.00;0.00,0.00,0.00,0.00;0.00,0.00,0.00,0.00;0.00,0.00,0.00,0.00;0.00,0.00,0.00,0.00;-1.00,0.00,3.00,1.00;0.15;
wrist flex;0;0.00,0.00,0.00,0.00;0.00,0.00,0.00,0.00;0.00,0.00,0.00,0.00;0.00,0.00,0.00,0.00;0.00,0.00,0.00,0.00;0.00,0.00,0.00,0.00;0.00,0.00,0.00,0.00;0.00,0.00,0.00,0.00;0.00,0.00,0.00,0.00;1.00,0.00,3.00,1.00;0.00,0.00,0.00,0.00;0.00,0.00,0.00,0.00;0.15;
wrist ext;0;0.00,0.00,0.00,0.00;0.00,0.00,0.00,0.00;0.00,0.00,0.00,0.00;0.00,0.00,0.00,0.00;0.00,0.00,0.00,0.00;0.00,0.00,0.00,0.00;0.00,0.00,0.00,0.00;0.00,0.00,0.00,0.00;0.00,0.00,0.00,0.00;-1.00,0.00,3.00,1.00;0.00,0.00,0.00,0.00;0.00,0.00,0.00,0.00;0.15;
