ThumbIndPinch;0;1,0.2,1.5,0.3;1,0.2,1.5,0.3;0,0,0,0;0,0,0,0;0,0,0,0;0,0,0,0;0,0,0,0;0,0,0,0;0,0,0,0;0,0,0,0;0,0,0,0;0,0,0,0;
MiddleFE;0;0,0,0,0;0,0,0,0;-1,0.2,1.5,0.3;0,0,0,0;0,0,0,0;0,0,0,0;0,0,0,0;0,0,0,0;0,0,0,0;0,0,0,0;0,0,0,0;0,0,0,0;
Grasp;0;-1,0.2,1.5,0.3;-1,0.2,1.5,0.3;-1,0.2,1.5,0.3;-1,0.2,1.5,0.3;-1,0.2,1.5,0.3;0,0,0,0;0,0,0,0;0,0,0,0;0,0,0,0;0,0,0,0;0,0,0,0;0,0,0,0;
WristFE;0;0,0,0,0;0,0,0,0;0,0,0,0;0,0,0,0;0,0,0,0;0,0,0,0;0,0,0,0;0,0,0,0;0,0,0,0;1,0.2,1.5,0.3;0,0,0,0;0,0,0,0;
MiddleFE;0;0,0,0,0;0,0,0,0;1,0.2,1.5,0.3;0,0,0,0;0,0,0,0;0,0,0,0;0,0,0,0;0,0,0,0;0,0,0,0;0,0,0,0;0,0,0,0;0,0,0,0;
IndexFE;0;0,0,0,0;-1,0.2,1.5,0.3;0,0,0,0;0,0,0,0;0,0,0,0;0,0,0,0;0,0,0,0;0,0,0,0;0,0,0,0;0,0,0,0;0,0,0,0;0,0,0,0;
WristFE;0;0,0,0,0;0,0,0,0;0,0,0,0;0,0,0,0;0,0,0,0;0,0,0,0;0,0,0,0;0,0,0,0;0,0,0,0;-1,0.2,1.5,0.3;0,0,0,0;0,0,0,0;
IndexFE;0;0,0,0,0;-1,0.2,1.5,0.3;0,0,0,0;0,0,0,0;0,0,0,0;0,0,0,0;0,0,0,0;0,0,0,0;0,0,0,0;0,0,0,0;0,0,0,0;0,0,0,0;
Grasp;0;1,0.2,1.5,0.3;1,0.2,1.5,0.3;1,0.2,1.5,0.3;1,0.2,1.5,0.3;1,0.2,1.5,0.3;0,0,0,0;0,0,0,0;0,0,0,0;0,0,0,0;0,0,0,0;0,0,0,0;0,0,0,0;
Grasp;0;1,0.2,1.5,0.3;1,0.2,1.5,0.3;1,0.2,1.5,0.3;1,0.2,1.5,0.3;1,0.2,1.5,0.3;0,0,0,0;0,0,0,0;0,0,0,0;0,0,0,0;0,0,0,0;0,0,0,0;0,0,0,0;
Grasp;0;-1,0.2,1.5,0.3;-1,0.2,1.5,0.3;-1,0.2,1.5,0.3;-1,0.2,1.5,0.3;-1,0.2,1.5,0.3;0,0,0,0;0,0,0,0;0,0,0,0;0,0,0,0;0,0,0,0;0,0,0,0;0,0,0,0;
WristPS;0;0,0,0,0;0,0,0,0;0,0,0,0;0,0,0,0;0,0,0,0;0,0,0,0;0,0,0,0;0,0,0,0;0,0,0,0;0,0,0,0;0,0,0,0;1,0.2,1.5,0.3;
WristFE;0;0,0,0,0;0,0,0,0;0,0,0,0;0,0,0,0;0,0,0,0;0,0,0,0;0,0,0,0;0,0,0,0;0,0,0,0;-1,0.2,1.5,0.3;0,0,0,0;0,0,0,0;
WristFE;0;0,0,0,0;0,0,0,0;0,0,0,0;0,0,0,0;0,0,0,0;0,0,0,0;0,0,0,0;0,0,0,0;0,0,0,0;1,0.2,1.5,0.3;0,0,0,0;0,0,0,0;
WristFE;0;0,0,0,0;0,0,0,0;0,0,0,0;0,0,0,0;0,0,0,0;0,0,0,0;0,0,0,0;0,0,0,0;0,0,0,0;1,0.2,1.5,0.3;0,0,0,0;0,0,0,0;
ThumbIndPinch;0;1,0.2,1.5,0.3;1,0.2,1.5,0.3;0,0,0,0;0,0,0,0;0,0,0,0;0,0,0,0;0,0,0,0;0,0,0,0;0,0,0,0;0,0,0,0;0,0,0,0;0,0,0,0;
Grasp;0;1,0.2,1.5,0.3;1,0.2,1.5,0.3;1,0.2,1.5,0.3;1,0.2,1.5,0.3;1,0.2,1.5,0.3;0,0,0,0;0,0,0,0;0,0,0,0;0,0,0,0;0,0,0,0;0,0,0,0;0,0,0,0;
MiddleFE;0;0,0,0,0;0,0,0,0;1,0.2,1.5,0.3;0,0,0,0;0,0,0,0;0,0,0,0;0,0,0,0;0,0,0,0;0,0,0,0;0,0,0,0;0,0,0,0;0,0,0,0;
WristFE;0;0,0,0,0;0,0,0,0;0,0,0,0;0,0,0,0;0,0,0,0;0,0,0,0;0,0,0,0;0,0,0,0;0,0,0,0;1,0.2,1.5,0.3;0,0,0,0;0,0,0,0;
ThumbIndPinch;0;-1,0.2,1.5,0.3;-1,0.2,1.5,0.3;0,0,0,0;0,0,0,0;0,0,0,0;0,0,0,0;0,0,0,0;0,0,0,0;0,0,0,0;0,0,0,0;0,0,0,0;0,0,0,0;
ThumbIndPinch;0;1,0.2,1.5,0.3;1,0.2,1.5,0.3;0,0,0,0;0,0,0,0;0,0,0,0;0,0,0,0;0,0,0,0;0,0,0,0;0,0,0,0;0,0,0,0;0,0,0,0;0,0,0,0;
Grasp;0;1,0.2,1.5,0.3;1,0.2,1.5,0.3;1,0.2,1.5,0.3;1,0.2,1.5,0.3;1,0.2,1.5,0.3;0,0,0,0;0,0,0,0;0,0,0,0;0,0,0,0;0,0,0,0;0,0,0,0;0,0,0,0;
WristFE;0;0,0,0,0;0,0,0,0;0,0,0,0;0,0,0,0;0,0,0,0;0,0,0,0;0,0,0,0;0,0,0,0;0,0,0,0;-1,0.2,1.5,0.3;0,0,0,0;0,0,0,0;
WristPS;0;0,0,0,0;0,0,0,0;0,0,0,0;0,0,0,0;0,0,0,0;0,0,0,0;0,0,0,0;0,0,0,0;0,0,0,0;0,0,0,0;0,0,0,0;-1,0.2,1.5,0.3;
ThumbIndPinch;0;-1,0.2,1.5,0.3;-1,0.2,1.5,0.3;0,0,0,0;0,0,0,0;0,0,0,0;0,0,0,0;0,0,0,0;0,0,0,0;0,0,0,0;0,0,0,0;0,0,0,0;0,0,0,0;
WristPS;0;0,0,0,0;0,0,0,0;0,0,0,0;0,0,0,0;0,0,0,0;0,0,0,0;0,0,0,0;0,0,0,0;0,0,0,0;0,0,0,0;0,0,0,0;-1,0.2,1.5,0.3;
IndexFE;0;0,0,0,0;-1,0.2,1.5,0.3;0,0,0,0;0,0,0,0;0,0,0,0;0,0,0,0;0,0,0,0;0,0,0,0;0,0,0,0;0,0,0,0;0,0,0,0;0,0,0,0;
ThumbFE;0;1,0.2,1.5,0.3;0,0,0,0;0,0,0,0;0,0,0,0;0,0,0,0;0,0,0,0;0,0,0,0;0,0,0,0;0,0,0,0;0,0,0,0;0,0,0,0;0,0,0,0;
ThumbIndPinch;0;1,0.2,1.5,0.3;1,0.2,1.5,0.3;0,0,0,0;0,0,0,0;0,0,0,0;0,0,0,0;0,0,0,0;0,0,0,0;0,0,0,0;0,0,0,0;0,0,0,0;0,0,0,0;
ThumbFE;0;1,0.2,1.5,0.3;0,0,0,0;0,0,0,0;0,0,0,0;0,0,0,0;0,0,0,0;0,0,0,0;0,0,0,0;0,0,0,0;0,0,0,0;0,0,0,0;0,0,0,0;
ThumbFE;0;-1,0.2,1.5,0.3;0,0,0,0;0,0,0,0;0,0,0,0;0,0,0,0;0,0,0,0;0,0,0,0;0,0,0,0;0,0,0,0;0,0,0,0;0,0,0,0;0,0,0,0;
ThumbFE;0;1,0.2,1.5,0.3;0,0,0,0;0,0,0,0;0,0,0,0;0,0,0,0;0,0,0,0;0,0,0,0;0,0,0,0;0,0,0,0;0,0,0,0;0,0,0,0;0,0,0,0;
IndexFE;0;0,0,0,0;1,0.2,1.5,0.3;0,0,0,0;0,0,0,0;0,0,0,0;0,0,0,0;0,0,0,0;0,0,0,0;0,0,0,0;0,0,0,0;0,0,0,0;0,0,0,0;
MiddleFE;0;0,0,0,0;0,0,0,0;-1,0.2,1.5,0.3;0,0,0,0;0,0,0,0;0,0,0,0;0,0,0,0;0,0,0,0;0,0,0,0;0,0,0,0;0,0,0,0;0,0,0,0;
ThumbFE;0;1,0.2,1.5,0.3;0,0,0,0;0,0,0,0;0,0,0,0;0,0,0,0;0,0,0,0;0,0,0,0;0,0,0,0;0,0,0,0;0,0,0,0;0,0,0,0;0,0,0,0;
MiddleFE;0;0,0,0,0;0,0,0,0;1,0.2,1.5,0.3;0,0,0,0;0,0,0,0;0,0,0,0;0,0,0,0;0,0,0,0;0,0,0,0;0,0,0,0;0,0,0,0;0,0,0,0;
WristFE;0;0,0,0,0;0,0,0,0;0,0,0,0;0,0,0,0;0,0,0,0;0,0,0,0;0,0,0,0;0,0,0,0;0,0,0,0;-1,0.2,1.5,0.3;0,0,0,0;0,0,0,0;
IndexFE;0;0,0,0,0;-1,0.2,1.5,0.3;0,0,0,0;0,0,0,0;0,0,0,0;0,0,0,0;0,0,0,0;0,0,0,0;0,0,0,0;0,0,0,0;0,0,0,0;0,0,0,0;
ThumbIndPinch;0;-1,0.2,1.5,0.3;-1,0.2,1.5,0.3;0,0,0,0;0,0,0,0;0,0,0,0;0,0,0,0;0,0,0,0;0,0,0,0;0,0,0,0;0,0,0,0;0,0,0,0;0,0,0,0;
WristPS;0;0,0,0,0;0,0,0,0;0,0,0,0;0,0,0,0;0,0,0,0;0,0,0,0;0,0,0,0;0,0,0,0;0,0,0,0;0,0,0,0;0,0,0,0;-1,0.2,1.5,0.3;
WristPS;0;0,0,0,0;0,0,0,0;0,0,0,0;0,0,0,0;0,0,0,0;0,0,0,0;0,0,0,0;0,0,0,0;0,0,0,0;0,0,0,0;0,0,0,0;1,0.2,1.5,0.3;
ThumbIndPinch;0;-1,0.2,1.5,0.3;-1,0.2,1.5,0.3;0,0,0,0;0,0,0,0;0,0,0,0;0,0,0,0;0,0,0,0;0,0,0,0;0,0,0,0;0,0,0,0;0,0,0,0;0,0,0,0;
WristFE;0;0,0,0,0;0,0,0,0;0,0,0,0;0,0,0,0;0,0,0,0;0,0,0,0;0,0,0,0;0,0,0,0;0,0,0,0;-1,0.2,1.5,0.3;0,0,0,0;0,0,0,0;
Grasp;0;1,0.2,1.5,0.3;1,0.2,1.5,0.3;1,0.2,1.5,0.3;1,0.2,1.5,0.3;1,0.2,1.5,0.3;0,0,0,0;0,0,0,0;0,0,0,0;0,0,0,0;0,0,0,0;0,0,0,0;0,0,0,0;
MiddleFE;0;0,0,0,0;0,0,0,0;-1,0.2,1.5,0.3;0,0,0,0;0,0,0,0;0,0,0,0;0,0,0,0;0,0,0,0;0,0,0,0;0,0,0,0;0,0,0,0;0,0,0,0;
IndexFE;0;0,0,0,0;1,0.2,1.5,0.3;0,0,0,0;0,0,0,0;0,0,0,0;0,0,0,0;0,0,0,0;0,0,0,0;0,0,0,0;0,0,0,0;0,0,0,0;0,0,0,0;
ThumbFE;0;-1,0.2,1.5,0.3;0,0,0,0;0,0,0,0;0,0,0,0;0,0,0,0;0,0,0,0;0,0,0,0;0,0,0,0;0,0,0,0;0,0,0,0;0,0,0,0;0,0,0,0;
WristFE;0;0,0,0,0;0,0,0,0;0,0,0,0;0,0,0,0;0,0,0,0;0,0,0,0;0,0,0,0;0,0,0,0;0,0,0,0;1,0.2,1.5,0.3;0,0,0,0;0,0,0,0;
ThumbFE;0;-1,0.2,1.5,0.3;0,0,0,0;0,0,0,0;0,0,0,0;0,0,0,0;0,0,0,0;0,0,0,0;0,0,0,0;0,0,0,0;0,0,0,0;0,0,0,0;0,0,0,0;
MiddleFE;0;0,0,0,0;0,0,0,0;1,0.2,1.5,0.3;0,0,0,0;0,0,0,0;0,0,0,0;0,0,0,0;0,0,0,0;0,0,0,0;0,0,0,0;0,0,0,0;0,0,0,0;
IndexFE;0;0,0,0,0;-1,0.2,1.5,0.3;0,0,0,0;0,0,0,0;0,0,0,0;0,0,0,0;0,0,0,0;0,0,0,0;0,0,0,0;0,0,0,0;0,0,0,0;0,0,0,0;
WristPS;0;0,0,0,0;0,0,0,0;0,0,0,0;0,0,0,0;0,0,0,0;0,0,0,0;0,0,0,0;0,0,0,0;0,0,0,0;0,0,0,0;0,0,0,0;-1,0.2,1.5,0.3;
IndexFE;0;0,0,0,0;1,0.2,1.5,0.3;0,0,0,0;0,0,0,0;0,0,0,0;0,0,0,0;0,0,0,0;0,0,0,0;0,0,0,0;0,0,0,0;0,0,0,0;0,0,0,0;
WristPS;0;0,0,0,0;0,0,0,0;0,0,0,0;0,0,0,0;0,0,0,0;0,0,0,0;0,0,0,0;0,0,0,0;0,0,0,0;0,0,0,0;0,0,0,0;1,0.2,1.5,0.3;
WristPS;0;0,0,0,0;0,0,0,0;0,0,0,0;0,0,0,0;0,0,0,0;0,0,0,0;0,0,0,0;0,0,0,0;0,0,0,0;0,0,0,0;0,0,0,0;1,0.2,1.5,0.3;
Grasp;0;-1,0.2,1.5,0.3;-1,0.2,1.5,0.3;-1,0.2,1.5,0.3;-1,0.2,1.5,0.3;-1,0.2,1.5,0.3;0,0,0,0;0,0,0,0;0,0,0,0;0,0,0,0;0,0,0,0;0,0,0,0;0,0,0,0;
WristPS;0;0,0,0,0;0,0,0,0;0,0,0,0;0,0,0,0;0,0,0,0;0,0,0,0;0,0,0,0;0,0,0,0;0,0,0,0;0,0,0,0;0,0,0,0;1,0.2,1.5,0.3;
MiddleFE;0;0,0,0,0;0,0,0,0;1,0.2,1.5,0.3;0,0,0,0;0,0,0,0;0,0,0,0;0,0,0,0;0,0,0,0;0,0,0,0;0,0,0,0;0,0,0,0;0,0,0,0;
ThumbFE;0;-1,0.2,1.5,0.3;0,0,0,0;0,0,0,0;0,0,0,0;0,0,0,0;0,0,0,0;0,0,0,0;0,0,0,0;0,0,0,0;0,0,0,0;0,0,0,0;0,0,0,0;
MiddleFE;0;0,0,0,0;0,0,0,0;-1,0.2,1.5,0.3;0,0,0,0;0,0,0,0;0,0,0,0;0,0,0,0;0,0,0,0;0,0,0,0;0,0,0,0;0,0,0,0;0,0,0,0;
MiddleFE;0;0,0,0,0;0,0,0,0;-1,0.2,1.5,0.3;0,0,0,0;0,0,0,0;0,0,0,0;0,0,0,0;0,0,0,0;0,0,0,0;0,0,0,0;0,0,0,0;0,0,0,0;
ThumbIndPinch;0;-1,0.2,1.5,0.3;-1,0.2,1.5,0.3;0,0,0,0;0,0,0,0;0,0,0,0;0,0,0,0;0,0,0,0;0,0,0,0;0,0,0,0;0,0,0,0;0,0,0,0;0,0,0,0;
IndexFE;0;0,0,0,0;1,0.2,1.5,0.3;0,0,0,0;0,0,0,0;0,0,0,0;0,0,0,0;0,0,0,0;0,0,0,0;0,0,0,0;0,0,0,0;0,0,0,0;0,0,0,0;
WristPS;0;0,0,0,0;0,0,0,0;0,0,0,0;0,0,0,0;0,0,0,0;0,0,0,0;0,0,0,0;0,0,0,0;0,0,0,0;0,0,0,0;0,0,0,0;-1,0.2,1.5,0.3;
IndexFE;0;0,0,0,0;1,0.2,1.5,0.3;0,0,0,0;0,0,0,0;0,0,0,0;0,0,0,0;0,0,0,0;0,0,0,0;0,0,0,0;0,0,0,0;0,0,0,0;0,0,0,0;
ThumbFE;0;1,0.2,1.5,0.3;0,0,0,0;0,0,0,0;0,0,0,0;0,0,0,0;0,0,0,0;0,0,0,0;0,0,0,0;0,0,0,0;0,0,0,0;0,0,0,0;0,0,0,0;
Grasp;0;-1,0.2,1.5,0.3;-1,0.2,1.5,0.3;-1,0.2,1.5,0.3;-1,0.2,1.5,0.3;-1,0.2,1.5,0.3;0,0,0,0;0,0,0,0;0,0,0,0;0,0,0,0;0,0,0,0;0,0,0,0;0,0,0,0;
Grasp;0;-1,0.2,1.5,0.3;-1,0.2,1.5,0.3;-1,0.2,1.5,0.3;-1,0.2,1.5,0.3;-1,0.2,1.5,0.3;0,0,0,0;0,0,0,0;0,0,0,0;0,0,0,0;0,0,0,0;0,0,0,0;0,0,0,0;
ThumbFE;0;-1,0.2,1.5,0.3;0,0,0,0;0,0,0,0;0,0,0,0;0,0,0,0;0,0,0,0;0,0,0,0;0,0,0,0;0,0,0,0;0,0,0,0;0,0,0,0;0,0,0,0;
ThumbIndPinch;0;1,0.2,1.5,0.3;1,0.2,1.5,0.3;0,0,0,0;0,0,0,0;0,0,0,0;0,0,0,0;0,0,0,0;0,0,0,0;0,0,0,0;0,0,0,0;0,0,0,0;0,0,0,0;
