;2;1.00,0.00,0.70,0.30;1.00,0.00,0.70,0.30;0.00,0.00,0.00,0.00;0.00,0.00,0.00,0.00;0.00,0.00,0.00,0.00;0.00,0.00,0.00,0.00;0.00,0.00,0.00,0.00;0.00,0.00,0.00,0.00;0.00,0.00,0.00,0.00;0.00,0.00,0.00,0.00;0.00,0.00,0.00,0.00;0.00,0.00,0.00,0.00;
;0;1.00,0.00,0.70,0.30;0.00,0.00,0.00,0.00;1.00,0.00,0.70,0.30;0.00,0.00,0.00,0.00;0.00,0.00,0.00,0.00;0.00,0.00,0.00,0.00;0.00,0.00,0.00,0.00;0.00,0.00,0.00,0.00;0.00,0.00,0.00,0.00;0.00,0.00,0.00,0.00;0.00,0.00,0.00,0.00;0.00,0.00,0.00,0.00;
;0;1.00,0.00,0.70,0.30;0.00,0.00,0.00,0.00;1.00,0.00,0.70,0.30;1.00,0.00,0.70,0.30;0.00,0.00,0.00,0.00;0.00,0.00,0.00,0.00;0.00,0.00,0.00,0.00;0.00,0.00,0.00,0.00;0.00,0.00,0.00,0.00;0.00,0.00,0.00,0.00;0.00,0.00,0.00,0.00;0.00,0.00,0.00,0.00;
;0;0.00,0.00,0.00,0.00;0.00,0.00,0.00,0.00;1.00,0.00,0.70,0.30;1.00,0.00,0.70,0.30;0.00,0.00,0.00,0.00;0.00,0.00,0.00,0.00;0.00,0.00,0.00,0.00;0.00,0.00,0.00,0.00;0.00,0.00,0.00,0.00;0.00,0.00,0.00,0.00;0.00,0.00,0.00,0.00;0.00,0.00,0.00,0.00;
;0;0.00,0.00,0.00,0.00;0.00,0.00,0.00,0.00;1.00,0.00,0.70,0.30;1.00,0.00,0.70,0.30;1.00,0.00,0.70,0.30;0.00,0.00,0.00,0.00;0.00,0.00,0.00,0.00;0.00,0.00,0.00,0.00;0.00,0.00,0.00,0.00;0.00,0.00,0.00,0.00;0.00,0.00,0.00,0.00;0.00,0.00,0.00,0.00;
;0;-1.00,0.00,0.70,0.30;-1.00,0.00,0.70,0.30;0.00,0.00,0.00,0.00;0.00,0.00,0.00,0.00;0.00,0.00,0.00,0.00;0.00,0.00,0.00,0.00;0.00,0.00,0.00,0.00;0.00,0.00,0.00,0.00;0.00,0.00,0.00,0.00;0.00,0.00,0.00,0.00;0.00,0.00,0.00,0.00;0.00,0.00,0.00,0.00;
;0;-1.00,0.00,0.70,0.30;-1.00,0.00,0.70,0.30;-1.00,0.00,0.70,0.30;0.00,0.00,0.00,0.00;0.00,0.00,0.00,0.00;0.00,0.00,0.00,0.00;0.00,0.00,0.00,0.00;0.00,0.00,0.00,0.00;0.00,0.00,0.00,0.00;0.00,0.00,0.00,0.00;0.00,0.00,0.00,0.00;0.00,0.00,0.00,0.00;
;0;0.00,0.00,0.00,0.00;-1.00,0.00,0.70,0.30;-1.00,0.00,0.70,0.30;0.00,0.00,0.00,0.00;0.00,0.00,0.00,0.00;0.00,0.00,0.00,0.00;0.00,0.00,0.00,0.00;0.00,0.00,0.00,0.00;0.00,0.00,0.00,0.00;0.00,0.00,0.00,0.00;0.00,0.00,0.00,0.00;0.00,0.00,0.00,0.00;
;0;0.00,0.00,0.00,0.00;0.00,0.00,0.00,0.00;-1.00,0.00,0.70,0.30;-1.00,0.00,0.70,0.30;0.00,0.00,0.00,0.00;0.00,0.00,0.00,0.00;0.00,0.00,0.00,0.00;0.00,0.00,0.00,0.00;0.00,0.00,0.00,0.00;0.00,0.00,0.00,0.00;0.00,0.00,0.00,0.00;0.00,0.00,0.00,0.00;
;0;0.00,0.00,0.00,0.00;0.00,0.00,0.00,0.00;-1.00,0.00,0.70,0.30;-1.00,0.00,0.70,0.30;-1.00,0.00,0.70,0.30;0.00,0.00,0.00,0.00;0.00,0.00,0.00,0.00;0.00,0.00,0.00,0.00;0.00,0.00,0.00,0.00;0.00,0.00,0.00,0.00;0.00,0.00,0.00,0.00;0.00,0.00,0.00,0.00;
