ThumbF;0;1.00,0.00,0.70,3.00;0.00,0.00,0.00,0.00;0.00,0.00,0.00,0.00;0.00,0.00,0.00,0.00;0.00,0.00,0.00,0.00;0.00,0.00,0.00,0.00;0.00,0.00,0.00,0.00;0.00,0.00,0.00,0.00;0.00,0.00,0.00,0.00;0.00,0.00,0.00,0.00;0.00,0.00,0.00,0.00;0.00,0.00,0.00,0.00;
ThumbE;0;-1.00,0.00,0.70,3.00;0.00,0.00,0.00,0.00;0.00,0.00,0.00,0.00;0.00,0.00,0.00,0.00;0.00,0.00,0.00,0.00;0.00,0.00,0.00,0.00;0.00,0.00,0.00,0.00;0.00,0.00,0.00,0.00;0.00,0.00,0.00,0.00;0.00,0.00,0.00,0.00;0.00,0.00,0.00,0.00;0.00,0.00,0.00,0.00;
IndexF;0;0.00,0.00,0.00,0.00;1.00,0.00,0.70,3.00;0.00,0.00,0.00,0.00;0.00,0.00,0.00,0.00;0.00,0.00,0.00,0.00;0.00,0.00,0.00,0.00;0.00,0.00,0.00,0.00;0.00,0.00,0.00,0.00;0.00,0.00,0.00,0.00;0.00,0.00,0.00,0.00;0.00,0.00,0.00,0.00;0.00,0.00,0.00,0.00;
IndexExtend;0;0.00,0.00,0.00,0.00;-1.00,0.00,0.70,3.00;0.00,0.00,0.00,0.00;0.00,0.00,0.00,0.00;0.00,0.00,0.00,0.00;0.00,0.00,0.00,0.00;0.00,0.00,0.00,0.00;0.00,0.00,0.00,0.00;0.00,0.00,0.00,0.00;0.00,0.00,0.00,0.00;0.00,0.00,0.00,0.00;0.00,0.00,0.00,0.00;
MiddleF;0;0.00,0.00,0.00,0.00;0.00,0.00,0.00,0.00;1.00,0.00,0.70,3.00;0.00,0.00,0.00,0.00;0.00,0.00,0.00,0.00;0.00,0.00,0.00,0.00;0.00,0.00,0.00,0.00;0.00,0.00,0.00,0.00;0.00,0.00,0.00,0.00;0.00,0.00,0.00,0.00;0.00,0.00,0.00,0.00;0.00,0.00,0.00,0.00;
Middle Extend;0;0.00,0.00,0.00,0.00;0.00,0.00,0.00,0.00;-1.00,0.00,0.70,3.00;0.00,0.00,0.00,0.00;0.00,0.00,0.00,0.00;0.00,0.00,0.00,0.00;0.00,0.00,0.00,0.00;0.00,0.00,0.00,0.00;0.00,0.00,0.00,0.00;0.00,0.00,0.00,0.00;0.00,0.00,0.00,0.00;0.00,0.00,0.00,0.00;
RingF;0;0.00,0.00,0.00,0.00;0.00,0.00,0.00,0.00;0.00,0.00,0.00,0.00;1.00,0.00,0.70,3.00;0.00,0.00,0.00,0.00;0.00,0.00,0.00,0.00;0.00,0.00,0.00,0.00;0.00,0.00,0.00,0.00;0.00,0.00,0.00,0.00;0.00,0.00,0.00,0.00;0.00,0.00,0.00,0.00;0.00,0.00,0.00,0.00;
Ring Extend;0;0.00,0.00,0.00,0.00;0.00,0.00,0.00,0.00;0.00,0.00,0.00,0.00;-1.00,0.00,0.70,3.00;0.00,0.00,0.00,0.00;0.00,0.00,0.00,0.00;0.00,0.00,0.00,0.00;0.00,0.00,0.00,0.00;0.00,0.00,0.00,0.00;0.00,0.00,0.00,0.00;0.00,0.00,0.00,0.00;0.00,0.00,0.00,0.00;
LittleF;0;0.00,0.00,0.00,0.00;0.00,0.00,0.00,0.00;0.00,0.00,0.00,0.00;0.00,0.00,0.00,0.00;1.00,0.00,0.70,3.00;0.00,0.00,0.00,0.00;0.00,0.00,0.00,0.00;0.00,0.00,0.00,0.00;0.00,0.00,0.00,0.00;0.00,0.00,0.00,0.00;0.00,0.00,0.00,0.00;0.00,0.00,0.00,0.00;
Little Extend;0;0.00,0.00,0.00,0.00;0.00,0.00,0.00,0.00;0.00,0.00,0.00,0.00;0.00,0.00,0.00,0.00;-1.00,0.00,0.70,3.00;0.00,0.00,0.00,0.00;0.00,0.00,0.00,0.00;0.00,0.00,0.00,0.00;0.00,0.00,0.00,0.00;0.00,0.00,0.00,0.00;0.00,0.00,0.00,0.00;0.00,0.00,0.00,0.00;
WristF;0;0.00,0.00,0.00,0.00;0.00,0.00,0.00,0.00;0.00,0.00,0.00,0.00;0.00,0.00,0.00,0.00;0.00,0.00,0.00,0.00;0.00,0.00,0.00,0.00;0.00,0.00,0.00,0.00;0.00,0.00,0.00,0.00;0.00,0.00,0.00,0.00;1.00,0.00,0.70,3.00;0.00,0.00,0.00,0.00;0.00,0.00,0.00,0.00;
WristE;0;0.00,0.00,0.00,0.00;0.00,0.00,0.00,0.00;0.00,0.00,0.00,0.00;0.00,0.00,0.00,0.00;0.00,0.00,0.00,0.00;0.00,0.00,0.00,0.00;0.00,0.00,0.00,0.00;0.00,0.00,0.00,0.00;0.00,0.00,0.00,0.00;-1.00,0.00,0.70,3.00;0.00,0.00,0.00,0.00;0.00,0.00,0.00,0.00;
WristPronate;0;0.00,0.00,0.00,0.00;0.00,0.00,0.00,0.00;0.00,0.00,0.00,0.00;0.00,0.00,0.00,0.00;0.00,0.00,0.00,0.00;0.00,0.00,0.00,0.00;0.00,0.00,0.00,0.00;0.00,0.00,0.00,0.00;0.00,0.00,0.00,0.00;0.00,0.00,0.00,0.00;0.00,0.00,0.00,0.00;1.00,0.00,0.70,3.00;
WristSupinate;0;0.00,0.00,0.00,0.00;0.00,0.00,0.00,0.00;0.00,0.00,0.00,0.00;0.00,0.00,0.00,0.00;0.00,0.00,0.00,0.00;0.00,0.00,0.00,0.00;0.00,0.00,0.00,0.00;0.00,0.00,0.00,0.00;0.00,0.00,0.00,0.00;0.00,0.00,0.00,0.00;0.00,0.00,0.00,0.00;-1.00,0.00,0.70,3.00;
