ThumbF;0;1.00,0.00,0.70,3.00;0.00,0.00,0.00,0.00;0.00,0.00,0.00,0.00;0.00,0.00,0.00,0.00;0.00,0.00,0.00,0.00;0.00,0.00,0.00,0.00;0.00,0.00,0.00,0.00;0.00,0.00,0.00,0.00;0.00,0.00,0.00,0.00;0.00,0.00,0.00,0.00;0.00,0.00,0.00,0.00;0.00,0.00,0.00,0.00;
IndexF;0;0.00,0.00,0.00,0.00;1.00,0.00,0.70,3.00;0.00,0.00,0.00,0.00;0.00,0.00,0.00,0.00;0.00,0.00,0.00,0.00;0.00,0.00,0.00,0.00;0.00,0.00,0.00,0.00;0.00,0.00,0.00,0.00;0.00,0.00,0.00,0.00;0.00,0.00,0.00,0.00;0.00,0.00,0.00,0.00;0.00,0.00,0.00,0.00;
MiddleF;0;0.00,0.00,0.00,0.00;0.00,0.00,0.00,0.00;1.00,0.00,0.70,3.00;0.00,0.00,0.00,0.00;0.00,0.00,0.00,0.00;0.00,0.00,0.00,0.00;0.00,0.00,0.00,0.00;0.00,0.00,0.00,0.00;0.00,0.00,0.00,0.00;0.00,0.00,0.00,0.00;0.00,0.00,0.00,0.00;0.00,0.00,0.00,0.00;
RingF;0;0.00,0.00,0.00,0.00;0.00,0.00,0.00,0.00;0.00,0.00,0.00,0.00;1.00,0.00,0.70,3.00;0.00,0.00,0.00,0.00;0.00,0.00,0.00,0.00;0.00,0.00,0.00,0.00;0.00,0.00,0.00,0.00;0.00,0.00,0.00,0.00;0.00,0.00,0.00,0.00;0.00,0.00,0.00,0.00;0.00,0.00,0.00,0.00;
LittleF;0;0.00,0.00,0.00,0.00;0.00,0.00,0.00,0.00;0.00,0.00,0.00,0.00;0.00,0.00,0.00,0.00;1.00,0.00,0.70,3.00;0.00,0.00,0.00,0.00;0.00,0.00,0.00,0.00;0.00,0.00,0.00,0.00;0.00,0.00,0.00,0.00;0.00,0.00,0.00,0.00;0.00,0.00,0.00,0.00;0.00,0.00,0.00,0.00;
ThumbE;0;-1.00,0.00,0.70,3.00;0.00,0.00,0.00,0.00;0.00,0.00,0.00,0.00;0.00,0.00,0.00,0.00;0.00,0.00,0.00,0.00;0.00,0.00,0.00,0.00;0.00,0.00,0.00,0.00;0.00,0.00,0.00,0.00;0.00,0.00,0.00,0.00;0.00,0.00,0.00,0.00;0.00,0.00,0.00,0.00;0.00,0.00,0.00,0.00;
IndexE;0;0.00,0.00,0.00,0.00;-1.00,0.00,0.70,3.00;0.00,0.00,0.00,0.00;0.00,0.00,0.00,0.00;0.00,0.00,0.00,0.00;0.00,0.00,0.00,0.00;0.00,0.00,0.00,0.00;0.00,0.00,0.00,0.00;0.00,0.00,0.00,0.00;0.00,0.00,0.00,0.00;0.00,0.00,0.00,0.00;0.00,0.00,0.00,0.00;
MiddleE;0;0.00,0.00,0.00,0.00;0.00,0.00,0.00,0.00;-1.00,0.00,0.70,3.00;0.00,0.00,0.00,0.00;0.00,0.00,0.00,0.00;0.00,0.00,0.00,0.00;0.00,0.00,0.00,0.00;0.00,0.00,0.00,0.00;0.00,0.00,0.00,0.00;0.00,0.00,0.00,0.00;0.00,0.00,0.00,0.00;0.00,0.00,0.00,0.00;
RingE;0;0.00,0.00,0.00,0.00;0.00,0.00,0.00,0.00;0.00,0.00,0.00,0.00;-1.00,0.00,0.70,3.00;0.00,0.00,0.00,0.00;0.00,0.00,0.00,0.00;0.00,0.00,0.00,0.00;0.00,0.00,0.00,0.00;0.00,0.00,0.00,0.00;0.00,0.00,0.00,0.00;0.00,0.00,0.00,0.00;0.00,0.00,0.00,0.00;
LittleE;0;0.00,0.00,0.00,0.00;0.00,0.00,0.00,0.00;0.00,0.00,0.00,0.00;0.00,0.00,0.00,0.00;-1.00,0.00,0.70,3.00;0.00,0.00,0.00,0.00;0.00,0.00,0.00,0.00;0.00,0.00,0.00,0.00;0.00,0.00,0.00,0.00;0.00,0.00,0.00,0.00;0.00,0.00,0.00,0.00;0.00,0.00,0.00,0.00;
ThumbABd;0;0.00,0.00,0.00,0.00;0.00,0.00,0.00,0.00;0.00,0.00,0.00,0.00;0.00,0.00,0.00,0.00;0.00,0.00,0.00,0.00;1.00,0.00,0.70,3.00;0.00,0.00,0.00,0.00;0.00,0.00,0.00,0.00;0.00,0.00,0.00,0.00;0.00,0.00,0.00,0.00;0.00,0.00,0.00,0.00;0.00,0.00,0.00,0.00;
ThumbADd;0;0.00,0.00,0.00,0.00;0.00,0.00,0.00,0.00;0.00,0.00,0.00,0.00;0.00,0.00,0.00,0.00;0.00,0.00,0.00,0.00;-1.00,0.00,0.70,3.00;0.00,0.00,0.00,0.00;0.00,0.00,0.00,0.00;0.00,0.00,0.00,0.00;0.00,0.00,0.00,0.00;0.00,0.00,0.00,0.00;0.00,0.00,0.00,0.00;
WristF;0;0.00,0.00,0.00,0.00;0.00,0.00,0.00,0.00;0.00,0.00,0.00,0.00;0.00,0.00,0.00,0.00;0.00,0.00,0.00,0.00;0.00,0.00,0.00,0.00;0.00,0.00,0.00,0.00;0.00,0.00,0.00,0.00;0.00,0.00,0.00,0.00;1.00,0.00,0.70,3.00;0.00,0.00,0.00,0.00;0.00,0.00,0.00,0.00;
WristE;0;0.00,0.00,0.00,0.00;0.00,0.00,0.00,0.00;0.00,0.00,0.00,0.00;0.00,0.00,0.00,0.00;0.00,0.00,0.00,0.00;0.00,0.00,0.00,0.00;0.00,0.00,0.00,0.00;0.00,0.00,0.00,0.00;0.00,0.00,0.00,0.00;-1.00,0.00,0.70,3.00;0.00,0.00,0.00,0.00;0.00,0.00,0.00,0.00;
WristPronate;0;0.00,0.00,0.00,0.00;0.00,0.00,0.00,0.00;0.00,0.00,0.00,0.00;0.00,0.00,0.00,0.00;0.00,0.00,0.00,0.00;0.00,0.00,0.00,0.00;0.00,0.00,0.00,0.00;0.00,0.00,0.00,0.00;0.00,0.00,0.00,0.00;0.00,0.00,0.00,0.00;0.00,0.00,0.00,0.00;1.00,0.00,0.70,3.00;
WristSupinate;0;0.00,0.00,0.00,0.00;0.00,0.00,0.00,0.00;0.00,0.00,0.00,0.00;0.00,0.00,0.00,0.00;0.00,0.00,0.00,0.00;0.00,0.00,0.00,0.00;0.00,0.00,0.00,0.00;0.00,0.00,0.00,0.00;0.00,0.00,0.00,0.00;0.00,0.00,0.00,0.00;0.00,0.00,0.00,0.00;-1.00,0.00,0.70,3.00;
Grasp;0;1.00,0.00,0.70,3.00;1.00,0.00,0.70,3.00;1.00,0.00,0.70,3.00;1.00,0.00,0.70,3.00;1.00,0.00,0.70,3.00;0.00,0.00,0.00,0.00;0.00,0.00,0.00,0.00;0.00,0.00,0.00,0.00;0.00,0.00,0.00,0.00;0.00,0.00,0.00,0.00;0.00,0.00,0.00,0.00;0.00,0.00,0.00,0.00;
ExtendAll;0;-1.00,0.00,0.70,3.00;-1.00,0.00,0.70,3.00;-1.00,0.00,0.70,3.00;-1.00,0.00,0.70,3.00;-1.00,0.00,0.70,3.00;0.00,0.00,0.00,0.00;0.00,0.00,0.00,0.00;0.00,0.00,0.00,0.00;0.00,0.00,0.00,0.00;0.00,0.00,0.00,0.00;0.00,0.00,0.00,0.00;0.00,0.00,0.00,0.00;
