grasp+pro;0;1.00,0.00,2.00,12.00;1.00,0.00,2.00,12.00;1.00,0.00,2.00,12.00;1.00,0.00,2.00,12.00;1.00,0.00,2.00,12.00;-1.00,0.00,0.50,13.50;0.00,0.00,0.00,0.00;0.00,0.00,0.00,0.00;0.00,0.00,0.00,0.00;0.00,0.00,0.00,0.00;0.00,0.00,0.00,0.00;1.00,4.00,2.00,4.00;
grasp+sup;0;1.00,0.00,2.00,12.00;1.00,0.00,2.00,12.00;1.00,0.00,2.00,12.00;1.00,0.00,2.00,12.00;1.00,0.00,2.00,12.00;-1.00,0.00,0.50,13.50;0.00,0.00,0.00,0.00;0.00,0.00,0.00,0.00;0.00,0.00,0.00,0.00;0.00,0.00,0.00,0.00;0.00,0.00,0.00,0.00;-1.00,4.00,2.00,4.00;
grasp+flex;0;1.00,0.00,2.00,12.00;1.00,0.00,2.00,12.00;1.00,0.00,2.00,12.00;1.00,0.00,2.00,12.00;1.00,0.00,2.00,12.00;-1.00,0.00,0.50,13.50;0.00,0.00,0.00,0.00;0.00,0.00,0.00,0.00;0.00,0.00,0.00,0.00;1.00,4.00,2.00,4.00;0.00,0.00,0.00,0.00;0.00,0.00,0.00,0.00;
grasp+extend;0;1.00,0.00,2.00,12.00;1.00,0.00,2.00,12.00;1.00,0.00,2.00,12.00;1.00,0.00,2.00,12.00;1.00,0.00,2.00,12.00;-1.00,0.00,0.50,13.50;0.00,0.00,0.00,0.00;0.00,0.00,0.00,0.00;0.00,0.00,0.00,0.00;-1.00,4.00,2.00,4.00;0.00,0.00,0.00,0.00;0.00,0.00,0.00,0.00;
pinch+pro;0;1.00,0.00,2.00,12.00;1.00,0.00,2.00,12.00;-1.00,0.00,2.00,12.00;-1.00,0.00,2.00,12.00;-1.00,0.00,2.00,12.00;0.00,0.00,0.00,0.00;0.00,0.00,0.00,0.00;0.00,0.00,0.00,0.00;0.00,0.00,0.00,0.00;0.00,0.00,0.00,0.00;0.00,0.00,0.00,0.00;1.00,4.00,2.00,4.00;
pinch+sup;0;1.00,0.00,2.00,12.00;1.00,0.00,2.00,12.00;-1.00,0.00,2.00,12.00;-1.00,0.00,2.00,12.00;-1.00,0.00,2.00,12.00;0.00,0.00,0.00,0.00;0.00,0.00,0.00,0.00;0.00,0.00,0.00,0.00;0.00,0.00,0.00,0.00;0.00,0.00,0.00,0.00;0.00,0.00,0.00,0.00;-1.00,4.00,2.00,4.00;
pinch+flex;0;1.00,0.00,2.00,12.00;1.00,0.00,2.00,12.00;-1.00,0.00,2.00,12.00;-1.00,0.00,2.00,12.00;-1.00,0.00,2.00,12.00;0.00,0.00,0.00,0.00;0.00,0.00,0.00,0.00;0.00,0.00,0.00,0.00;0.00,0.00,0.00,0.00;1.00,4.00,2.00,4.00;0.00,0.00,0.00,0.00;0.00,0.00,0.00,0.00;
pinch+extend;0;1.00,0.00,2.00,12.00;1.00,0.00,2.00,12.00;-1.00,0.00,2.00,12.00;-1.00,0.00,2.00,12.00;-1.00,0.00,2.00,12.00;0.00,0.00,0.00,0.00;0.00,0.00,0.00,0.00;0.00,0.00,0.00,0.00;0.00,0.00,0.00,0.00;-1.00,4.00,2.00,4.00;0.00,0.00,0.00,0.00;0.00,0.00,0.00,0.00;
lateral pinch;0;0.30,0.00,2.00,12.00;0.40,4.00,2.00,8.00;0.40,4.00,2.00,8.00;0.40,4.00,2.00,8.00;0.40,4.00,2.00,8.00;0.50,0.00,2.00,4.00;0.00,0.00,0.00,0.00;0.00,0.00,0.00,0.00;0.00,0.00,0.00,0.00;0.00,0.00,0.00,0.00;0.00,0.00,0.00,0.00;0.00,0.00,0.00,0.00;
lateral pinch pro;0;0.30,0.00,2.00,16.00;0.40,4.00,2.00,12.00;0.40,4.00,2.00,12.00;0.40,4.00,2.00,12.00;0.40,4.00,2.00,12.00;0.50,0.00,2.00,8.00;0.00,0.00,0.00,0.00;0.00,0.00,0.00,0.00;0.00,0.00,0.00,0.00;0.00,0.00,0.00,0.00;0.00,0.00,0.00,0.00;1.00,14.00,2.00,4.00;
lateral pinch sup;0;0.30,0.00,2.00,16.00;0.40,4.00,2.00,12.00;0.40,4.00,2.00,12.00;0.40,4.00,2.00,12.00;0.40,4.00,2.00,12.00;0.50,0.00,2.00,8.00;0.00,0.00,0.00,0.00;0.00,0.00,0.00,0.00;0.00,0.00,0.00,0.00;0.00,0.00,0.00,0.00;0.00,0.00,0.00,0.00;-1.00,14.00,2.00,4.00;
