ThumbE;0;1.00,0.00,1.00,1.00;1.00,0.00,1.00,1.00;1.00,0.00,1.00,1.00;1.00,0.00,1.00,1.00;1.00,0.00,1.00,1.00;0.00,0.00,0.00,0.00;0.00,0.00,0.00,0.00;0.00,0.00,0.00,0.00;0.00,0.00,0.00,0.00;0.00,0.00,0.00,0.00;0.00,0.00,0.00,0.00;0.00,0.00,0.00,0.00;0.10;
ThumbE;0;1.00,0.00,1.00,1.00;1.00,0.00,1.00,1.00;1.00,0.00,1.00,1.00;1.00,0.00,1.00,1.00;1.00,0.00,1.00,1.00;0.00,0.00,0.00,0.00;0.00,0.00,0.00,0.00;0.00,0.00,0.00,0.00;0.00,0.00,0.00,0.00;0.00,0.00,0.00,0.00;0.00,0.00,0.00,0.00;0.00,0.00,0.00,0.00;0.10;
ThumbE;0;1.00,0.00,1.00,1.00;1.00,0.00,1.00,1.00;1.00,0.00,1.00,1.00;1.00,0.00,1.00,1.00;1.00,0.00,1.00,1.00;0.00,0.00,0.00,0.00;0.00,0.00,0.00,0.00;0.00,0.00,0.00,0.00;0.00,0.00,0.00,0.00;0.00,0.00,0.00,0.00;0.00,0.00,0.00,0.00;0.00,0.00,0.00,0.00;0.10;
ThumbE;0;0.50,0.00,1.00,1.00;0.50,0.00,1.00,1.00;0.50,0.00,1.00,1.00;0.50,0.00,1.00,1.00;0.50,0.00,1.00,1.00;0.00,0.00,0.00,0.00;0.00,0.00,0.00,0.00;0.00,0.00,0.00,0.00;0.00,0.00,0.00,0.00;0.00,0.00,0.00,0.00;0.00,0.00,0.00,0.00;0.00,0.00,0.00,0.00;0.10;
ThumbE;0;0.50,0.00,1.00,1.00;0.50,0.00,1.00,1.00;0.50,0.00,1.00,1.00;0.50,0.00,1.00,1.00;0.50,0.00,1.00,1.00;0.00,0.00,0.00,0.00;0.00,0.00,0.00,0.00;0.00,0.00,0.00,0.00;0.00,0.00,0.00,0.00;0.00,0.00,0.00,0.00;0.00,0.00,0.00,0.00;0.00,0.00,0.00,0.00;0.10;
ThumbE;0;0.50,0.00,1.00,1.00;0.50,0.00,1.00,1.00;0.50,0.00,1.00,1.00;0.50,0.00,1.00,1.00;0.50,0.00,1.00,1.00;0.00,0.00,0.00,0.00;0.00,0.00,0.00,0.00;0.00,0.00,0.00,0.00;0.00,0.00,0.00,0.00;0.00,0.00,0.00,0.00;0.00,0.00,0.00,0.00;0.00,0.00,0.00,0.00;0.10;
ThumbF;0;1.00,0.00,1.00,1.00;1.00,0.00,1.00,1.00;1.00,0.00,1.00,1.00;1.00,0.00,1.00,1.00;1.00,0.00,1.00,1.00;0.00,0.00,0.00,0.00;0.00,0.00,0.00,0.00;0.00,0.00,0.00,0.00;0.00,0.00,0.00,0.00;0.00,0.00,0.00,0.00;0.00,0.00,0.00,0.00;0.00,0.00,0.00,0.00;0.10;
ThumbF;0;1.00,0.00,1.00,1.00;1.00,0.00,1.00,1.00;1.00,0.00,1.00,1.00;1.00,0.00,1.00,1.00;1.00,0.00,1.00,1.00;0.00,0.00,0.00,0.00;0.00,0.00,0.00,0.00;0.00,0.00,0.00,0.00;0.00,0.00,0.00,0.00;0.00,0.00,0.00,0.00;0.00,0.00,0.00,0.00;0.00,0.00,0.00,0.00;0.10;
ThumbF;0;1.00,0.00,1.00,1.00;1.00,0.00,1.00,1.00;1.00,0.00,1.00,1.00;1.00,0.00,1.00,1.00;1.00,0.00,1.00,1.00;0.00,0.00,0.00,0.00;0.00,0.00,0.00,0.00;0.00,0.00,0.00,0.00;0.00,0.00,0.00,0.00;0.00,0.00,0.00,0.00;0.00,0.00,0.00,0.00;0.00,0.00,0.00,0.00;0.10;
ThumbF;0;0.50,0.00,1.00,1.00;0.50,0.00,1.00,1.00;0.50,0.00,1.00,1.00;0.50,0.00,1.00,1.00;0.50,0.00,1.00,1.00;0.00,0.00,0.00,0.00;0.00,0.00,0.00,0.00;0.00,0.00,0.00,0.00;0.00,0.00,0.00,0.00;0.00,0.00,0.00,0.00;0.00,0.00,0.00,0.00;0.00,0.00,0.00,0.00;0.10;
ThumbF;0;0.50,0.00,1.00,1.00;0.50,0.00,1.00,1.00;0.50,0.00,1.00,1.00;0.50,0.00,1.00,1.00;0.50,0.00,1.00,1.00;0.00,0.00,0.00,0.00;0.00,0.00,0.00,0.00;0.00,0.00,0.00,0.00;0.00,0.00,0.00,0.00;0.00,0.00,0.00,0.00;0.00,0.00,0.00,0.00;0.00,0.00,0.00,0.00;0.10;
ThumbF;0;0.50,0.00,1.00,1.00;0.50,0.00,1.00,1.00;0.50,0.00,1.00,1.00;0.50,0.00,1.00,1.00;0.50,0.00,1.00,1.00;0.00,0.00,0.00,0.00;0.00,0.00,0.00,0.00;0.00,0.00,0.00,0.00;0.00,0.00,0.00,0.00;0.00,0.00,0.00,0.00;0.00,0.00,0.00,0.00;0.00,0.00,0.00,0.00;0.10;
ThumbL;0;1.00,0.00,1.00,1.00;1.00,0.00,1.00,1.00;1.00,0.00,1.00,1.00;1.00,0.00,1.00,1.00;1.00,0.00,1.00,1.00;0.00,0.00,0.00,0.00;0.00,0.00,0.00,0.00;0.00,0.00,0.00,0.00;0.00,0.00,0.00,0.00;0.00,0.00,0.00,0.00;0.00,0.00,0.00,0.00;0.00,0.00,0.00,0.00;0.10;
ThumbL;0;1.00,0.00,1.00,1.00;1.00,0.00,1.00,1.00;1.00,0.00,1.00,1.00;1.00,0.00,1.00,1.00;1.00,0.00,1.00,1.00;0.00,0.00,0.00,0.00;0.00,0.00,0.00,0.00;0.00,0.00,0.00,0.00;0.00,0.00,0.00,0.00;0.00,0.00,0.00,0.00;0.00,0.00,0.00,0.00;0.00,0.00,0.00,0.00;0.10;
ThumbL;0;1.00,0.00,1.00,1.00;1.00,0.00,1.00,1.00;1.00,0.00,1.00,1.00;1.00,0.00,1.00,1.00;1.00,0.00,1.00,1.00;0.00,0.00,0.00,0.00;0.00,0.00,0.00,0.00;0.00,0.00,0.00,0.00;0.00,0.00,0.00,0.00;0.00,0.00,0.00,0.00;0.00,0.00,0.00,0.00;0.00,0.00,0.00,0.00;0.10;
ThumbL;0;0.50,0.00,1.00,1.00;0.50,0.00,1.00,1.00;0.50,0.00,1.00,1.00;0.50,0.00,1.00,1.00;0.50,0.00,1.00,1.00;0.00,0.00,0.00,0.00;0.00,0.00,0.00,0.00;0.00,0.00,0.00,0.00;0.00,0.00,0.00,0.00;0.00,0.00,0.00,0.00;0.00,0.00,0.00,0.00;0.00,0.00,0.00,0.00;0.10;
ThumbL;0;0.50,0.00,1.00,1.00;0.50,0.00,1.00,1.00;0.50,0.00,1.00,1.00;0.50,0.00,1.00,1.00;0.50,0.00,1.00,1.00;0.00,0.00,0.00,0.00;0.00,0.00,0.00,0.00;0.00,0.00,0.00,0.00;0.00,0.00,0.00,0.00;0.00,0.00,0.00,0.00;0.00,0.00,0.00,0.00;0.00,0.00,0.00,0.00;0.10;
ThumbL;0;0.50,0.00,1.00,1.00;0.50,0.00,1.00,1.00;0.50,0.00,1.00,1.00;0.50,0.00,1.00,1.00;0.50,0.00,1.00,1.00;0.00,0.00,0.00,0.00;0.00,0.00,0.00,0.00;0.00,0.00,0.00,0.00;0.00,0.00,0.00,0.00;0.00,0.00,0.00,0.00;0.00,0.00,0.00,0.00;0.00,0.00,0.00,0.00;0.10;
ThumbR;0;1.00,0.00,1.00,1.00;1.00,0.00,1.00,1.00;1.00,0.00,1.00,1.00;1.00,0.00,1.00,1.00;1.00,0.00,1.00,1.00;0.00,0.00,0.00,0.00;0.00,0.00,0.00,0.00;0.00,0.00,0.00,0.00;0.00,0.00,0.00,0.00;0.00,0.00,0.00,0.00;0.00,0.00,0.00,0.00;0.00,0.00,0.00,0.00;0.10;
ThumbR;0;1.00,0.00,1.00,1.00;1.00,0.00,1.00,1.00;1.00,0.00,1.00,1.00;1.00,0.00,1.00,1.00;1.00,0.00,1.00,1.00;0.00,0.00,0.00,0.00;0.00,0.00,0.00,0.00;0.00,0.00,0.00,0.00;0.00,0.00,0.00,0.00;0.00,0.00,0.00,0.00;0.00,0.00,0.00,0.00;0.00,0.00,0.00,0.00;0.10;
ThumbR;0;1.00,0.00,1.00,1.00;1.00,0.00,1.00,1.00;1.00,0.00,1.00,1.00;1.00,0.00,1.00,1.00;1.00,0.00,1.00,1.00;0.00,0.00,0.00,0.00;0.00,0.00,0.00,0.00;0.00,0.00,0.00,0.00;0.00,0.00,0.00,0.00;0.00,0.00,0.00,0.00;0.00,0.00,0.00,0.00;0.00,0.00,0.00,0.00;0.10;
ThumbR;0;0.50,0.00,1.00,1.00;0.50,0.00,1.00,1.00;0.50,0.00,1.00,1.00;0.50,0.00,1.00,1.00;0.50,0.00,1.00,1.00;0.00,0.00,0.00,0.00;0.00,0.00,0.00,0.00;0.00,0.00,0.00,0.00;0.00,0.00,0.00,0.00;0.00,0.00,0.00,0.00;0.00,0.00,0.00,0.00;0.00,0.00,0.00,0.00;0.10;
ThumbR;0;0.50,0.00,1.00,1.00;0.50,0.00,1.00,1.00;0.50,0.00,1.00,1.00;0.50,0.00,1.00,1.00;0.50,0.00,1.00,1.00;0.00,0.00,0.00,0.00;0.00,0.00,0.00,0.00;0.00,0.00,0.00,0.00;0.00,0.00,0.00,0.00;0.00,0.00,0.00,0.00;0.00,0.00,0.00,0.00;0.00,0.00,0.00,0.00;0.10;
ThumbR;0;0.50,0.00,1.00,1.00;0.50,0.00,1.00,1.00;0.50,0.00,1.00,1.00;0.50,0.00,1.00,1.00;0.50,0.00,1.00,1.00;0.00,0.00,0.00,0.00;0.00,0.00,0.00,0.00;0.00,0.00,0.00,0.00;0.00,0.00,0.00,0.00;0.00,0.00,0.00,0.00;0.00,0.00,0.00,0.00;0.00,0.00,0.00,0.00;0.10;
IndexE;0;1.00,0.00,1.00,1.00;1.00,0.00,1.00,1.00;1.00,0.00,1.00,1.00;1.00,0.00,1.00,1.00;1.00,0.00,1.00,1.00;0.00,0.00,0.00,0.00;0.00,0.00,0.00,0.00;0.00,0.00,0.00,0.00;0.00,0.00,0.00,0.00;0.00,0.00,0.00,0.00;0.00,0.00,0.00,0.00;0.00,0.00,0.00,0.00;0.10;
IndexE;0;1.00,0.00,1.00,1.00;1.00,0.00,1.00,1.00;1.00,0.00,1.00,1.00;1.00,0.00,1.00,1.00;1.00,0.00,1.00,1.00;0.00,0.00,0.00,0.00;0.00,0.00,0.00,0.00;0.00,0.00,0.00,0.00;0.00,0.00,0.00,0.00;0.00,0.00,0.00,0.00;0.00,0.00,0.00,0.00;0.00,0.00,0.00,0.00;0.10;
IndexE;0;1.00,0.00,1.00,1.00;1.00,0.00,1.00,1.00;1.00,0.00,1.00,1.00;1.00,0.00,1.00,1.00;1.00,0.00,1.00,1.00;0.00,0.00,0.00,0.00;0.00,0.00,0.00,0.00;0.00,0.00,0.00,0.00;0.00,0.00,0.00,0.00;0.00,0.00,0.00,0.00;0.00,0.00,0.00,0.00;0.00,0.00,0.00,0.00;0.10;
IndexE;0;0.50,0.00,1.00,1.00;0.50,0.00,1.00,1.00;0.50,0.00,1.00,1.00;0.50,0.00,1.00,1.00;0.50,0.00,1.00,1.00;0.00,0.00,0.00,0.00;0.00,0.00,0.00,0.00;0.00,0.00,0.00,0.00;0.00,0.00,0.00,0.00;0.00,0.00,0.00,0.00;0.00,0.00,0.00,0.00;0.00,0.00,0.00,0.00;0.10;
IndexE;0;0.50,0.00,1.00,1.00;0.50,0.00,1.00,1.00;0.50,0.00,1.00,1.00;0.50,0.00,1.00,1.00;0.50,0.00,1.00,1.00;0.00,0.00,0.00,0.00;0.00,0.00,0.00,0.00;0.00,0.00,0.00,0.00;0.00,0.00,0.00,0.00;0.00,0.00,0.00,0.00;0.00,0.00,0.00,0.00;0.00,0.00,0.00,0.00;0.10;
IndexE;0;0.50,0.00,1.00,1.00;0.50,0.00,1.00,1.00;0.50,0.00,1.00,1.00;0.50,0.00,1.00,1.00;0.50,0.00,1.00,1.00;0.00,0.00,0.00,0.00;0.00,0.00,0.00,0.00;0.00,0.00,0.00,0.00;0.00,0.00,0.00,0.00;0.00,0.00,0.00,0.00;0.00,0.00,0.00,0.00;0.00,0.00,0.00,0.00;0.10;
IndexF;0;1.00,0.00,1.00,1.00;1.00,0.00,1.00,1.00;1.00,0.00,1.00,1.00;1.00,0.00,1.00,1.00;1.00,0.00,1.00,1.00;0.00,0.00,0.00,0.00;0.00,0.00,0.00,0.00;0.00,0.00,0.00,0.00;0.00,0.00,0.00,0.00;0.00,0.00,0.00,0.00;0.00,0.00,0.00,0.00;0.00,0.00,0.00,0.00;0.10;
IndexF;0;1.00,0.00,1.00,1.00;1.00,0.00,1.00,1.00;1.00,0.00,1.00,1.00;1.00,0.00,1.00,1.00;1.00,0.00,1.00,1.00;0.00,0.00,0.00,0.00;0.00,0.00,0.00,0.00;0.00,0.00,0.00,0.00;0.00,0.00,0.00,0.00;0.00,0.00,0.00,0.00;0.00,0.00,0.00,0.00;0.00,0.00,0.00,0.00;0.10;
IndexF;0;1.00,0.00,1.00,1.00;1.00,0.00,1.00,1.00;1.00,0.00,1.00,1.00;1.00,0.00,1.00,1.00;1.00,0.00,1.00,1.00;0.00,0.00,0.00,0.00;0.00,0.00,0.00,0.00;0.00,0.00,0.00,0.00;0.00,0.00,0.00,0.00;0.00,0.00,0.00,0.00;0.00,0.00,0.00,0.00;0.00,0.00,0.00,0.00;0.10;
IndexF;0;0.50,0.00,1.00,1.00;0.50,0.00,1.00,1.00;0.50,0.00,1.00,1.00;0.50,0.00,1.00,1.00;0.50,0.00,1.00,1.00;0.00,0.00,0.00,0.00;0.00,0.00,0.00,0.00;0.00,0.00,0.00,0.00;0.00,0.00,0.00,0.00;0.00,0.00,0.00,0.00;0.00,0.00,0.00,0.00;0.00,0.00,0.00,0.00;0.10;
IndexF;0;0.50,0.00,1.00,1.00;0.50,0.00,1.00,1.00;0.50,0.00,1.00,1.00;0.50,0.00,1.00,1.00;0.50,0.00,1.00,1.00;0.00,0.00,0.00,0.00;0.00,0.00,0.00,0.00;0.00,0.00,0.00,0.00;0.00,0.00,0.00,0.00;0.00,0.00,0.00,0.00;0.00,0.00,0.00,0.00;0.00,0.00,0.00,0.00;0.10;
IndexF;0;0.50,0.00,1.00,1.00;0.50,0.00,1.00,1.00;0.50,0.00,1.00,1.00;0.50,0.00,1.00,1.00;0.50,0.00,1.00,1.00;0.00,0.00,0.00,0.00;0.00,0.00,0.00,0.00;0.00,0.00,0.00,0.00;0.00,0.00,0.00,0.00;0.00,0.00,0.00,0.00;0.00,0.00,0.00,0.00;0.00,0.00,0.00,0.00;0.10;
IndexL;0;1.00,0.00,1.00,1.00;1.00,0.00,1.00,1.00;1.00,0.00,1.00,1.00;1.00,0.00,1.00,1.00;1.00,0.00,1.00,1.00;0.00,0.00,0.00,0.00;0.00,0.00,0.00,0.00;0.00,0.00,0.00,0.00;0.00,0.00,0.00,0.00;0.00,0.00,0.00,0.00;0.00,0.00,0.00,0.00;0.00,0.00,0.00,0.00;0.10;
IndexL;0;1.00,0.00,1.00,1.00;1.00,0.00,1.00,1.00;1.00,0.00,1.00,1.00;1.00,0.00,1.00,1.00;1.00,0.00,1.00,1.00;0.00,0.00,0.00,0.00;0.00,0.00,0.00,0.00;0.00,0.00,0.00,0.00;0.00,0.00,0.00,0.00;0.00,0.00,0.00,0.00;0.00,0.00,0.00,0.00;0.00,0.00,0.00,0.00;0.10;
IndexL;0;1.00,0.00,1.00,1.00;1.00,0.00,1.00,1.00;1.00,0.00,1.00,1.00;1.00,0.00,1.00,1.00;1.00,0.00,1.00,1.00;0.00,0.00,0.00,0.00;0.00,0.00,0.00,0.00;0.00,0.00,0.00,0.00;0.00,0.00,0.00,0.00;0.00,0.00,0.00,0.00;0.00,0.00,0.00,0.00;0.00,0.00,0.00,0.00;0.10;
IndexL;0;0.50,0.00,1.00,1.00;0.50,0.00,1.00,1.00;0.50,0.00,1.00,1.00;0.50,0.00,1.00,1.00;0.50,0.00,1.00,1.00;0.00,0.00,0.00,0.00;0.00,0.00,0.00,0.00;0.00,0.00,0.00,0.00;0.00,0.00,0.00,0.00;0.00,0.00,0.00,0.00;0.00,0.00,0.00,0.00;0.00,0.00,0.00,0.00;0.10;
IndexL;0;0.50,0.00,1.00,1.00;0.50,0.00,1.00,1.00;0.50,0.00,1.00,1.00;0.50,0.00,1.00,1.00;0.50,0.00,1.00,1.00;0.00,0.00,0.00,0.00;0.00,0.00,0.00,0.00;0.00,0.00,0.00,0.00;0.00,0.00,0.00,0.00;0.00,0.00,0.00,0.00;0.00,0.00,0.00,0.00;0.00,0.00,0.00,0.00;0.10;
IndexL;0;0.50,0.00,1.00,1.00;0.50,0.00,1.00,1.00;0.50,0.00,1.00,1.00;0.50,0.00,1.00,1.00;0.50,0.00,1.00,1.00;0.00,0.00,0.00,0.00;0.00,0.00,0.00,0.00;0.00,0.00,0.00,0.00;0.00,0.00,0.00,0.00;0.00,0.00,0.00,0.00;0.00,0.00,0.00,0.00;0.00,0.00,0.00,0.00;0.10;
IndexR;0;1.00,0.00,1.00,1.00;1.00,0.00,1.00,1.00;1.00,0.00,1.00,1.00;1.00,0.00,1.00,1.00;1.00,0.00,1.00,1.00;0.00,0.00,0.00,0.00;0.00,0.00,0.00,0.00;0.00,0.00,0.00,0.00;0.00,0.00,0.00,0.00;0.00,0.00,0.00,0.00;0.00,0.00,0.00,0.00;0.00,0.00,0.00,0.00;0.10;
IndexR;0;1.00,0.00,1.00,1.00;1.00,0.00,1.00,1.00;1.00,0.00,1.00,1.00;1.00,0.00,1.00,1.00;1.00,0.00,1.00,1.00;0.00,0.00,0.00,0.00;0.00,0.00,0.00,0.00;0.00,0.00,0.00,0.00;0.00,0.00,0.00,0.00;0.00,0.00,0.00,0.00;0.00,0.00,0.00,0.00;0.00,0.00,0.00,0.00;0.10;
IndexR;0;1.00,0.00,1.00,1.00;1.00,0.00,1.00,1.00;1.00,0.00,1.00,1.00;1.00,0.00,1.00,1.00;1.00,0.00,1.00,1.00;0.00,0.00,0.00,0.00;0.00,0.00,0.00,0.00;0.00,0.00,0.00,0.00;0.00,0.00,0.00,0.00;0.00,0.00,0.00,0.00;0.00,0.00,0.00,0.00;0.00,0.00,0.00,0.00;0.10;
IndexR;0;0.50,0.00,1.00,1.00;0.50,0.00,1.00,1.00;0.50,0.00,1.00,1.00;0.50,0.00,1.00,1.00;0.50,0.00,1.00,1.00;0.00,0.00,0.00,0.00;0.00,0.00,0.00,0.00;0.00,0.00,0.00,0.00;0.00,0.00,0.00,0.00;0.00,0.00,0.00,0.00;0.00,0.00,0.00,0.00;0.00,0.00,0.00,0.00;0.10;
IndexR;0;0.50,0.00,1.00,1.00;0.50,0.00,1.00,1.00;0.50,0.00,1.00,1.00;0.50,0.00,1.00,1.00;0.50,0.00,1.00,1.00;0.00,0.00,0.00,0.00;0.00,0.00,0.00,0.00;0.00,0.00,0.00,0.00;0.00,0.00,0.00,0.00;0.00,0.00,0.00,0.00;0.00,0.00,0.00,0.00;0.00,0.00,0.00,0.00;0.10;
IndexR;0;0.50,0.00,1.00,1.00;0.50,0.00,1.00,1.00;0.50,0.00,1.00,1.00;0.50,0.00,1.00,1.00;0.50,0.00,1.00,1.00;0.00,0.00,0.00,0.00;0.00,0.00,0.00,0.00;0.00,0.00,0.00,0.00;0.00,0.00,0.00,0.00;0.00,0.00,0.00,0.00;0.00,0.00,0.00,0.00;0.00,0.00,0.00,0.00;0.10;
MiddleE;0;1.00,0.00,1.00,1.00;1.00,0.00,1.00,1.00;1.00,0.00,1.00,1.00;1.00,0.00,1.00,1.00;1.00,0.00,1.00,1.00;0.00,0.00,0.00,0.00;0.00,0.00,0.00,0.00;0.00,0.00,0.00,0.00;0.00,0.00,0.00,0.00;0.00,0.00,0.00,0.00;0.00,0.00,0.00,0.00;0.00,0.00,0.00,0.00;0.10;
MiddleE;0;1.00,0.00,1.00,1.00;1.00,0.00,1.00,1.00;1.00,0.00,1.00,1.00;1.00,0.00,1.00,1.00;1.00,0.00,1.00,1.00;0.00,0.00,0.00,0.00;0.00,0.00,0.00,0.00;0.00,0.00,0.00,0.00;0.00,0.00,0.00,0.00;0.00,0.00,0.00,0.00;0.00,0.00,0.00,0.00;0.00,0.00,0.00,0.00;0.10;
MiddleE;0;1.00,0.00,1.00,1.00;1.00,0.00,1.00,1.00;1.00,0.00,1.00,1.00;1.00,0.00,1.00,1.00;1.00,0.00,1.00,1.00;0.00,0.00,0.00,0.00;0.00,0.00,0.00,0.00;0.00,0.00,0.00,0.00;0.00,0.00,0.00,0.00;0.00,0.00,0.00,0.00;0.00,0.00,0.00,0.00;0.00,0.00,0.00,0.00;0.10;
MiddleE;0;0.50,0.00,1.00,1.00;0.50,0.00,1.00,1.00;0.50,0.00,1.00,1.00;0.50,0.00,1.00,1.00;0.50,0.00,1.00,1.00;0.00,0.00,0.00,0.00;0.00,0.00,0.00,0.00;0.00,0.00,0.00,0.00;0.00,0.00,0.00,0.00;0.00,0.00,0.00,0.00;0.00,0.00,0.00,0.00;0.00,0.00,0.00,0.00;0.10;
MiddleE;0;0.50,0.00,1.00,1.00;0.50,0.00,1.00,1.00;0.50,0.00,1.00,1.00;0.50,0.00,1.00,1.00;0.50,0.00,1.00,1.00;0.00,0.00,0.00,0.00;0.00,0.00,0.00,0.00;0.00,0.00,0.00,0.00;0.00,0.00,0.00,0.00;0.00,0.00,0.00,0.00;0.00,0.00,0.00,0.00;0.00,0.00,0.00,0.00;0.10;
MiddleE;0;0.50,0.00,1.00,1.00;0.50,0.00,1.00,1.00;0.50,0.00,1.00,1.00;0.50,0.00,1.00,1.00;0.50,0.00,1.00,1.00;0.00,0.00,0.00,0.00;0.00,0.00,0.00,0.00;0.00,0.00,0.00,0.00;0.00,0.00,0.00,0.00;0.00,0.00,0.00,0.00;0.00,0.00,0.00,0.00;0.00,0.00,0.00,0.00;0.10;
MiddleF;0;1.00,0.00,1.00,1.00;1.00,0.00,1.00,1.00;1.00,0.00,1.00,1.00;1.00,0.00,1.00,1.00;1.00,0.00,1.00,1.00;0.00,0.00,0.00,0.00;0.00,0.00,0.00,0.00;0.00,0.00,0.00,0.00;0.00,0.00,0.00,0.00;0.00,0.00,0.00,0.00;0.00,0.00,0.00,0.00;0.00,0.00,0.00,0.00;0.10;
MiddleF;0;1.00,0.00,1.00,1.00;1.00,0.00,1.00,1.00;1.00,0.00,1.00,1.00;1.00,0.00,1.00,1.00;1.00,0.00,1.00,1.00;0.00,0.00,0.00,0.00;0.00,0.00,0.00,0.00;0.00,0.00,0.00,0.00;0.00,0.00,0.00,0.00;0.00,0.00,0.00,0.00;0.00,0.00,0.00,0.00;0.00,0.00,0.00,0.00;0.10;
MiddleF;0;1.00,0.00,1.00,1.00;1.00,0.00,1.00,1.00;1.00,0.00,1.00,1.00;1.00,0.00,1.00,1.00;1.00,0.00,1.00,1.00;0.00,0.00,0.00,0.00;0.00,0.00,0.00,0.00;0.00,0.00,0.00,0.00;0.00,0.00,0.00,0.00;0.00,0.00,0.00,0.00;0.00,0.00,0.00,0.00;0.00,0.00,0.00,0.00;0.10;
MiddleF;0;0.50,0.00,1.00,1.00;0.50,0.00,1.00,1.00;0.50,0.00,1.00,1.00;0.50,0.00,1.00,1.00;0.50,0.00,1.00,1.00;0.00,0.00,0.00,0.00;0.00,0.00,0.00,0.00;0.00,0.00,0.00,0.00;0.00,0.00,0.00,0.00;0.00,0.00,0.00,0.00;0.00,0.00,0.00,0.00;0.00,0.00,0.00,0.00;0.10;
MiddleF;0;0.50,0.00,1.00,1.00;0.50,0.00,1.00,1.00;0.50,0.00,1.00,1.00;0.50,0.00,1.00,1.00;0.50,0.00,1.00,1.00;0.00,0.00,0.00,0.00;0.00,0.00,0.00,0.00;0.00,0.00,0.00,0.00;0.00,0.00,0.00,0.00;0.00,0.00,0.00,0.00;0.00,0.00,0.00,0.00;0.00,0.00,0.00,0.00;0.10;
MiddleF;0;0.50,0.00,1.00,1.00;0.50,0.00,1.00,1.00;0.50,0.00,1.00,1.00;0.50,0.00,1.00,1.00;0.50,0.00,1.00,1.00;0.00,0.00,0.00,0.00;0.00,0.00,0.00,0.00;0.00,0.00,0.00,0.00;0.00,0.00,0.00,0.00;0.00,0.00,0.00,0.00;0.00,0.00,0.00,0.00;0.00,0.00,0.00,0.00;0.10;
MiddleL;0;1.00,0.00,1.00,1.00;1.00,0.00,1.00,1.00;1.00,0.00,1.00,1.00;1.00,0.00,1.00,1.00;1.00,0.00,1.00,1.00;0.00,0.00,0.00,0.00;0.00,0.00,0.00,0.00;0.00,0.00,0.00,0.00;0.00,0.00,0.00,0.00;0.00,0.00,0.00,0.00;0.00,0.00,0.00,0.00;0.00,0.00,0.00,0.00;0.10;
MiddleL;0;1.00,0.00,1.00,1.00;1.00,0.00,1.00,1.00;1.00,0.00,1.00,1.00;1.00,0.00,1.00,1.00;1.00,0.00,1.00,1.00;0.00,0.00,0.00,0.00;0.00,0.00,0.00,0.00;0.00,0.00,0.00,0.00;0.00,0.00,0.00,0.00;0.00,0.00,0.00,0.00;0.00,0.00,0.00,0.00;0.00,0.00,0.00,0.00;0.10;
MiddleL;0;1.00,0.00,1.00,1.00;1.00,0.00,1.00,1.00;1.00,0.00,1.00,1.00;1.00,0.00,1.00,1.00;1.00,0.00,1.00,1.00;0.00,0.00,0.00,0.00;0.00,0.00,0.00,0.00;0.00,0.00,0.00,0.00;0.00,0.00,0.00,0.00;0.00,0.00,0.00,0.00;0.00,0.00,0.00,0.00;0.00,0.00,0.00,0.00;0.10;
MiddleL;0;0.50,0.00,1.00,1.00;0.50,0.00,1.00,1.00;0.50,0.00,1.00,1.00;0.50,0.00,1.00,1.00;0.50,0.00,1.00,1.00;0.00,0.00,0.00,0.00;0.00,0.00,0.00,0.00;0.00,0.00,0.00,0.00;0.00,0.00,0.00,0.00;0.00,0.00,0.00,0.00;0.00,0.00,0.00,0.00;0.00,0.00,0.00,0.00;0.10;
MiddleL;0;0.50,0.00,1.00,1.00;0.50,0.00,1.00,1.00;0.50,0.00,1.00,1.00;0.50,0.00,1.00,1.00;0.50,0.00,1.00,1.00;0.00,0.00,0.00,0.00;0.00,0.00,0.00,0.00;0.00,0.00,0.00,0.00;0.00,0.00,0.00,0.00;0.00,0.00,0.00,0.00;0.00,0.00,0.00,0.00;0.00,0.00,0.00,0.00;0.10;
MiddleL;0;0.50,0.00,1.00,1.00;0.50,0.00,1.00,1.00;0.50,0.00,1.00,1.00;0.50,0.00,1.00,1.00;0.50,0.00,1.00,1.00;0.00,0.00,0.00,0.00;0.00,0.00,0.00,0.00;0.00,0.00,0.00,0.00;0.00,0.00,0.00,0.00;0.00,0.00,0.00,0.00;0.00,0.00,0.00,0.00;0.00,0.00,0.00,0.00;0.10;
MiddleR;0;1.00,0.00,1.00,1.00;1.00,0.00,1.00,1.00;1.00,0.00,1.00,1.00;1.00,0.00,1.00,1.00;1.00,0.00,1.00,1.00;0.00,0.00,0.00,0.00;0.00,0.00,0.00,0.00;0.00,0.00,0.00,0.00;0.00,0.00,0.00,0.00;0.00,0.00,0.00,0.00;0.00,0.00,0.00,0.00;0.00,0.00,0.00,0.00;0.10;
MiddleR;0;1.00,0.00,1.00,1.00;1.00,0.00,1.00,1.00;1.00,0.00,1.00,1.00;1.00,0.00,1.00,1.00;1.00,0.00,1.00,1.00;0.00,0.00,0.00,0.00;0.00,0.00,0.00,0.00;0.00,0.00,0.00,0.00;0.00,0.00,0.00,0.00;0.00,0.00,0.00,0.00;0.00,0.00,0.00,0.00;0.00,0.00,0.00,0.00;0.10;
MiddleR;0;1.00,0.00,1.00,1.00;1.00,0.00,1.00,1.00;1.00,0.00,1.00,1.00;1.00,0.00,1.00,1.00;1.00,0.00,1.00,1.00;0.00,0.00,0.00,0.00;0.00,0.00,0.00,0.00;0.00,0.00,0.00,0.00;0.00,0.00,0.00,0.00;0.00,0.00,0.00,0.00;0.00,0.00,0.00,0.00;0.00,0.00,0.00,0.00;0.10;
MiddleR;0;0.50,0.00,1.00,1.00;0.50,0.00,1.00,1.00;0.50,0.00,1.00,1.00;0.50,0.00,1.00,1.00;0.50,0.00,1.00,1.00;0.00,0.00,0.00,0.00;0.00,0.00,0.00,0.00;0.00,0.00,0.00,0.00;0.00,0.00,0.00,0.00;0.00,0.00,0.00,0.00;0.00,0.00,0.00,0.00;0.00,0.00,0.00,0.00;0.10;
MiddleR;0;0.50,0.00,1.00,1.00;0.50,0.00,1.00,1.00;0.50,0.00,1.00,1.00;0.50,0.00,1.00,1.00;0.50,0.00,1.00,1.00;0.00,0.00,0.00,0.00;0.00,0.00,0.00,0.00;0.00,0.00,0.00,0.00;0.00,0.00,0.00,0.00;0.00,0.00,0.00,0.00;0.00,0.00,0.00,0.00;0.00,0.00,0.00,0.00;0.10;
MiddleR;0;0.50,0.00,1.00,1.00;0.50,0.00,1.00,1.00;0.50,0.00,1.00,1.00;0.50,0.00,1.00,1.00;0.50,0.00,1.00,1.00;0.00,0.00,0.00,0.00;0.00,0.00,0.00,0.00;0.00,0.00,0.00,0.00;0.00,0.00,0.00,0.00;0.00,0.00,0.00,0.00;0.00,0.00,0.00,0.00;0.00,0.00,0.00,0.00;0.10;
RingE;0;1.00,0.00,1.00,1.00;1.00,0.00,1.00,1.00;1.00,0.00,1.00,1.00;1.00,0.00,1.00,1.00;1.00,0.00,1.00,1.00;0.00,0.00,0.00,0.00;0.00,0.00,0.00,0.00;0.00,0.00,0.00,0.00;0.00,0.00,0.00,0.00;0.00,0.00,0.00,0.00;0.00,0.00,0.00,0.00;0.00,0.00,0.00,0.00;0.10;
RingE;0;1.00,0.00,1.00,1.00;1.00,0.00,1.00,1.00;1.00,0.00,1.00,1.00;1.00,0.00,1.00,1.00;1.00,0.00,1.00,1.00;0.00,0.00,0.00,0.00;0.00,0.00,0.00,0.00;0.00,0.00,0.00,0.00;0.00,0.00,0.00,0.00;0.00,0.00,0.00,0.00;0.00,0.00,0.00,0.00;0.00,0.00,0.00,0.00;0.10;
RingE;0;1.00,0.00,1.00,1.00;1.00,0.00,1.00,1.00;1.00,0.00,1.00,1.00;1.00,0.00,1.00,1.00;1.00,0.00,1.00,1.00;0.00,0.00,0.00,0.00;0.00,0.00,0.00,0.00;0.00,0.00,0.00,0.00;0.00,0.00,0.00,0.00;0.00,0.00,0.00,0.00;0.00,0.00,0.00,0.00;0.00,0.00,0.00,0.00;0.10;
RingE;0;0.50,0.00,1.00,1.00;0.50,0.00,1.00,1.00;0.50,0.00,1.00,1.00;0.50,0.00,1.00,1.00;0.50,0.00,1.00,1.00;0.00,0.00,0.00,0.00;0.00,0.00,0.00,0.00;0.00,0.00,0.00,0.00;0.00,0.00,0.00,0.00;0.00,0.00,0.00,0.00;0.00,0.00,0.00,0.00;0.00,0.00,0.00,0.00;0.10;
RingE;0;0.50,0.00,1.00,1.00;0.50,0.00,1.00,1.00;0.50,0.00,1.00,1.00;0.50,0.00,1.00,1.00;0.50,0.00,1.00,1.00;0.00,0.00,0.00,0.00;0.00,0.00,0.00,0.00;0.00,0.00,0.00,0.00;0.00,0.00,0.00,0.00;0.00,0.00,0.00,0.00;0.00,0.00,0.00,0.00;0.00,0.00,0.00,0.00;0.10;
RingE;0;0.50,0.00,1.00,1.00;0.50,0.00,1.00,1.00;0.50,0.00,1.00,1.00;0.50,0.00,1.00,1.00;0.50,0.00,1.00,1.00;0.00,0.00,0.00,0.00;0.00,0.00,0.00,0.00;0.00,0.00,0.00,0.00;0.00,0.00,0.00,0.00;0.00,0.00,0.00,0.00;0.00,0.00,0.00,0.00;0.00,0.00,0.00,0.00;0.10;
RingF;0;1.00,0.00,1.00,1.00;1.00,0.00,1.00,1.00;1.00,0.00,1.00,1.00;1.00,0.00,1.00,1.00;1.00,0.00,1.00,1.00;0.00,0.00,0.00,0.00;0.00,0.00,0.00,0.00;0.00,0.00,0.00,0.00;0.00,0.00,0.00,0.00;0.00,0.00,0.00,0.00;0.00,0.00,0.00,0.00;0.00,0.00,0.00,0.00;0.10;
RingF;0;1.00,0.00,1.00,1.00;1.00,0.00,1.00,1.00;1.00,0.00,1.00,1.00;1.00,0.00,1.00,1.00;1.00,0.00,1.00,1.00;0.00,0.00,0.00,0.00;0.00,0.00,0.00,0.00;0.00,0.00,0.00,0.00;0.00,0.00,0.00,0.00;0.00,0.00,0.00,0.00;0.00,0.00,0.00,0.00;0.00,0.00,0.00,0.00;0.10;
RingF;0;1.00,0.00,1.00,1.00;1.00,0.00,1.00,1.00;1.00,0.00,1.00,1.00;1.00,0.00,1.00,1.00;1.00,0.00,1.00,1.00;0.00,0.00,0.00,0.00;0.00,0.00,0.00,0.00;0.00,0.00,0.00,0.00;0.00,0.00,0.00,0.00;0.00,0.00,0.00,0.00;0.00,0.00,0.00,0.00;0.00,0.00,0.00,0.00;0.10;
RingF;0;0.50,0.00,1.00,1.00;0.50,0.00,1.00,1.00;0.50,0.00,1.00,1.00;0.50,0.00,1.00,1.00;0.50,0.00,1.00,1.00;0.00,0.00,0.00,0.00;0.00,0.00,0.00,0.00;0.00,0.00,0.00,0.00;0.00,0.00,0.00,0.00;0.00,0.00,0.00,0.00;0.00,0.00,0.00,0.00;0.00,0.00,0.00,0.00;0.10;
RingF;0;0.50,0.00,1.00,1.00;0.50,0.00,1.00,1.00;0.50,0.00,1.00,1.00;0.50,0.00,1.00,1.00;0.50,0.00,1.00,1.00;0.00,0.00,0.00,0.00;0.00,0.00,0.00,0.00;0.00,0.00,0.00,0.00;0.00,0.00,0.00,0.00;0.00,0.00,0.00,0.00;0.00,0.00,0.00,0.00;0.00,0.00,0.00,0.00;0.10;
RingF;0;0.50,0.00,1.00,1.00;0.50,0.00,1.00,1.00;0.50,0.00,1.00,1.00;0.50,0.00,1.00,1.00;0.50,0.00,1.00,1.00;0.00,0.00,0.00,0.00;0.00,0.00,0.00,0.00;0.00,0.00,0.00,0.00;0.00,0.00,0.00,0.00;0.00,0.00,0.00,0.00;0.00,0.00,0.00,0.00;0.00,0.00,0.00,0.00;0.10;
RingL;0;1.00,0.00,1.00,1.00;1.00,0.00,1.00,1.00;1.00,0.00,1.00,1.00;1.00,0.00,1.00,1.00;1.00,0.00,1.00,1.00;0.00,0.00,0.00,0.00;0.00,0.00,0.00,0.00;0.00,0.00,0.00,0.00;0.00,0.00,0.00,0.00;0.00,0.00,0.00,0.00;0.00,0.00,0.00,0.00;0.00,0.00,0.00,0.00;0.10;
RingL;0;1.00,0.00,1.00,1.00;1.00,0.00,1.00,1.00;1.00,0.00,1.00,1.00;1.00,0.00,1.00,1.00;1.00,0.00,1.00,1.00;0.00,0.00,0.00,0.00;0.00,0.00,0.00,0.00;0.00,0.00,0.00,0.00;0.00,0.00,0.00,0.00;0.00,0.00,0.00,0.00;0.00,0.00,0.00,0.00;0.00,0.00,0.00,0.00;0.10;
RingL;0;1.00,0.00,1.00,1.00;1.00,0.00,1.00,1.00;1.00,0.00,1.00,1.00;1.00,0.00,1.00,1.00;1.00,0.00,1.00,1.00;0.00,0.00,0.00,0.00;0.00,0.00,0.00,0.00;0.00,0.00,0.00,0.00;0.00,0.00,0.00,0.00;0.00,0.00,0.00,0.00;0.00,0.00,0.00,0.00;0.00,0.00,0.00,0.00;0.10;
RingL;0;0.50,0.00,1.00,1.00;0.50,0.00,1.00,1.00;0.50,0.00,1.00,1.00;0.50,0.00,1.00,1.00;0.50,0.00,1.00,1.00;0.00,0.00,0.00,0.00;0.00,0.00,0.00,0.00;0.00,0.00,0.00,0.00;0.00,0.00,0.00,0.00;0.00,0.00,0.00,0.00;0.00,0.00,0.00,0.00;0.00,0.00,0.00,0.00;0.10;
RingL;0;0.50,0.00,1.00,1.00;0.50,0.00,1.00,1.00;0.50,0.00,1.00,1.00;0.50,0.00,1.00,1.00;0.50,0.00,1.00,1.00;0.00,0.00,0.00,0.00;0.00,0.00,0.00,0.00;0.00,0.00,0.00,0.00;0.00,0.00,0.00,0.00;0.00,0.00,0.00,0.00;0.00,0.00,0.00,0.00;0.00,0.00,0.00,0.00;0.10;
RingL;0;0.50,0.00,1.00,1.00;0.50,0.00,1.00,1.00;0.50,0.00,1.00,1.00;0.50,0.00,1.00,1.00;0.50,0.00,1.00,1.00;0.00,0.00,0.00,0.00;0.00,0.00,0.00,0.00;0.00,0.00,0.00,0.00;0.00,0.00,0.00,0.00;0.00,0.00,0.00,0.00;0.00,0.00,0.00,0.00;0.00,0.00,0.00,0.00;0.10;
RingR;0;1.00,0.00,1.00,1.00;1.00,0.00,1.00,1.00;1.00,0.00,1.00,1.00;1.00,0.00,1.00,1.00;1.00,0.00,1.00,1.00;0.00,0.00,0.00,0.00;0.00,0.00,0.00,0.00;0.00,0.00,0.00,0.00;0.00,0.00,0.00,0.00;0.00,0.00,0.00,0.00;0.00,0.00,0.00,0.00;0.00,0.00,0.00,0.00;0.10;
RingR;0;1.00,0.00,1.00,1.00;1.00,0.00,1.00,1.00;1.00,0.00,1.00,1.00;1.00,0.00,1.00,1.00;1.00,0.00,1.00,1.00;0.00,0.00,0.00,0.00;0.00,0.00,0.00,0.00;0.00,0.00,0.00,0.00;0.00,0.00,0.00,0.00;0.00,0.00,0.00,0.00;0.00,0.00,0.00,0.00;0.00,0.00,0.00,0.00;0.10;
RingR;0;1.00,0.00,1.00,1.00;1.00,0.00,1.00,1.00;1.00,0.00,1.00,1.00;1.00,0.00,1.00,1.00;1.00,0.00,1.00,1.00;0.00,0.00,0.00,0.00;0.00,0.00,0.00,0.00;0.00,0.00,0.00,0.00;0.00,0.00,0.00,0.00;0.00,0.00,0.00,0.00;0.00,0.00,0.00,0.00;0.00,0.00,0.00,0.00;0.10;
RingR;0;0.50,0.00,1.00,1.00;0.50,0.00,1.00,1.00;0.50,0.00,1.00,1.00;0.50,0.00,1.00,1.00;0.50,0.00,1.00,1.00;0.00,0.00,0.00,0.00;0.00,0.00,0.00,0.00;0.00,0.00,0.00,0.00;0.00,0.00,0.00,0.00;0.00,0.00,0.00,0.00;0.00,0.00,0.00,0.00;0.00,0.00,0.00,0.00;0.10;
RingR;0;0.50,0.00,1.00,1.00;0.50,0.00,1.00,1.00;0.50,0.00,1.00,1.00;0.50,0.00,1.00,1.00;0.50,0.00,1.00,1.00;0.00,0.00,0.00,0.00;0.00,0.00,0.00,0.00;0.00,0.00,0.00,0.00;0.00,0.00,0.00,0.00;0.00,0.00,0.00,0.00;0.00,0.00,0.00,0.00;0.00,0.00,0.00,0.00;0.10;
RingR;0;0.50,0.00,1.00,1.00;0.50,0.00,1.00,1.00;0.50,0.00,1.00,1.00;0.50,0.00,1.00,1.00;0.50,0.00,1.00,1.00;0.00,0.00,0.00,0.00;0.00,0.00,0.00,0.00;0.00,0.00,0.00,0.00;0.00,0.00,0.00,0.00;0.00,0.00,0.00,0.00;0.00,0.00,0.00,0.00;0.00,0.00,0.00,0.00;0.10;
LittleE;0;1.00,0.00,1.00,1.00;1.00,0.00,1.00,1.00;1.00,0.00,1.00,1.00;1.00,0.00,1.00,1.00;1.00,0.00,1.00,1.00;0.00,0.00,0.00,0.00;0.00,0.00,0.00,0.00;0.00,0.00,0.00,0.00;0.00,0.00,0.00,0.00;0.00,0.00,0.00,0.00;0.00,0.00,0.00,0.00;0.00,0.00,0.00,0.00;0.10;
LittleE;0;1.00,0.00,1.00,1.00;1.00,0.00,1.00,1.00;1.00,0.00,1.00,1.00;1.00,0.00,1.00,1.00;1.00,0.00,1.00,1.00;0.00,0.00,0.00,0.00;0.00,0.00,0.00,0.00;0.00,0.00,0.00,0.00;0.00,0.00,0.00,0.00;0.00,0.00,0.00,0.00;0.00,0.00,0.00,0.00;0.00,0.00,0.00,0.00;0.10;
LittleE;0;1.00,0.00,1.00,1.00;1.00,0.00,1.00,1.00;1.00,0.00,1.00,1.00;1.00,0.00,1.00,1.00;1.00,0.00,1.00,1.00;0.00,0.00,0.00,0.00;0.00,0.00,0.00,0.00;0.00,0.00,0.00,0.00;0.00,0.00,0.00,0.00;0.00,0.00,0.00,0.00;0.00,0.00,0.00,0.00;0.00,0.00,0.00,0.00;0.10;
LittleE;0;0.50,0.00,1.00,1.00;0.50,0.00,1.00,1.00;0.50,0.00,1.00,1.00;0.50,0.00,1.00,1.00;0.50,0.00,1.00,1.00;0.00,0.00,0.00,0.00;0.00,0.00,0.00,0.00;0.00,0.00,0.00,0.00;0.00,0.00,0.00,0.00;0.00,0.00,0.00,0.00;0.00,0.00,0.00,0.00;0.00,0.00,0.00,0.00;0.10;
LittleE;0;0.50,0.00,1.00,1.00;0.50,0.00,1.00,1.00;0.50,0.00,1.00,1.00;0.50,0.00,1.00,1.00;0.50,0.00,1.00,1.00;0.00,0.00,0.00,0.00;0.00,0.00,0.00,0.00;0.00,0.00,0.00,0.00;0.00,0.00,0.00,0.00;0.00,0.00,0.00,0.00;0.00,0.00,0.00,0.00;0.00,0.00,0.00,0.00;0.10;
LittleE;0;0.50,0.00,1.00,1.00;0.50,0.00,1.00,1.00;0.50,0.00,1.00,1.00;0.50,0.00,1.00,1.00;0.50,0.00,1.00,1.00;0.00,0.00,0.00,0.00;0.00,0.00,0.00,0.00;0.00,0.00,0.00,0.00;0.00,0.00,0.00,0.00;0.00,0.00,0.00,0.00;0.00,0.00,0.00,0.00;0.00,0.00,0.00,0.00;0.10;
LittleF;0;1.00,0.00,1.00,1.00;1.00,0.00,1.00,1.00;1.00,0.00,1.00,1.00;1.00,0.00,1.00,1.00;1.00,0.00,1.00,1.00;0.00,0.00,0.00,0.00;0.00,0.00,0.00,0.00;0.00,0.00,0.00,0.00;0.00,0.00,0.00,0.00;0.00,0.00,0.00,0.00;0.00,0.00,0.00,0.00;0.00,0.00,0.00,0.00;0.10;
LittleF;0;1.00,0.00,1.00,1.00;1.00,0.00,1.00,1.00;1.00,0.00,1.00,1.00;1.00,0.00,1.00,1.00;1.00,0.00,1.00,1.00;0.00,0.00,0.00,0.00;0.00,0.00,0.00,0.00;0.00,0.00,0.00,0.00;0.00,0.00,0.00,0.00;0.00,0.00,0.00,0.00;0.00,0.00,0.00,0.00;0.00,0.00,0.00,0.00;0.10;
LittleF;0;1.00,0.00,1.00,1.00;1.00,0.00,1.00,1.00;1.00,0.00,1.00,1.00;1.00,0.00,1.00,1.00;1.00,0.00,1.00,1.00;0.00,0.00,0.00,0.00;0.00,0.00,0.00,0.00;0.00,0.00,0.00,0.00;0.00,0.00,0.00,0.00;0.00,0.00,0.00,0.00;0.00,0.00,0.00,0.00;0.00,0.00,0.00,0.00;0.10;
LittleF;0;0.50,0.00,1.00,1.00;0.50,0.00,1.00,1.00;0.50,0.00,1.00,1.00;0.50,0.00,1.00,1.00;0.50,0.00,1.00,1.00;0.00,0.00,0.00,0.00;0.00,0.00,0.00,0.00;0.00,0.00,0.00,0.00;0.00,0.00,0.00,0.00;0.00,0.00,0.00,0.00;0.00,0.00,0.00,0.00;0.00,0.00,0.00,0.00;0.10;
LittleF;0;0.50,0.00,1.00,1.00;0.50,0.00,1.00,1.00;0.50,0.00,1.00,1.00;0.50,0.00,1.00,1.00;0.50,0.00,1.00,1.00;0.00,0.00,0.00,0.00;0.00,0.00,0.00,0.00;0.00,0.00,0.00,0.00;0.00,0.00,0.00,0.00;0.00,0.00,0.00,0.00;0.00,0.00,0.00,0.00;0.00,0.00,0.00,0.00;0.10;
LittleF;0;0.50,0.00,1.00,1.00;0.50,0.00,1.00,1.00;0.50,0.00,1.00,1.00;0.50,0.00,1.00,1.00;0.50,0.00,1.00,1.00;0.00,0.00,0.00,0.00;0.00,0.00,0.00,0.00;0.00,0.00,0.00,0.00;0.00,0.00,0.00,0.00;0.00,0.00,0.00,0.00;0.00,0.00,0.00,0.00;0.00,0.00,0.00,0.00;0.10;
LittleL;0;1.00,0.00,1.00,1.00;1.00,0.00,1.00,1.00;1.00,0.00,1.00,1.00;1.00,0.00,1.00,1.00;1.00,0.00,1.00,1.00;0.00,0.00,0.00,0.00;0.00,0.00,0.00,0.00;0.00,0.00,0.00,0.00;0.00,0.00,0.00,0.00;0.00,0.00,0.00,0.00;0.00,0.00,0.00,0.00;0.00,0.00,0.00,0.00;0.10;
LittleL;0;1.00,0.00,1.00,1.00;1.00,0.00,1.00,1.00;1.00,0.00,1.00,1.00;1.00,0.00,1.00,1.00;1.00,0.00,1.00,1.00;0.00,0.00,0.00,0.00;0.00,0.00,0.00,0.00;0.00,0.00,0.00,0.00;0.00,0.00,0.00,0.00;0.00,0.00,0.00,0.00;0.00,0.00,0.00,0.00;0.00,0.00,0.00,0.00;0.10;
LittleL;0;1.00,0.00,1.00,1.00;1.00,0.00,1.00,1.00;1.00,0.00,1.00,1.00;1.00,0.00,1.00,1.00;1.00,0.00,1.00,1.00;0.00,0.00,0.00,0.00;0.00,0.00,0.00,0.00;0.00,0.00,0.00,0.00;0.00,0.00,0.00,0.00;0.00,0.00,0.00,0.00;0.00,0.00,0.00,0.00;0.00,0.00,0.00,0.00;0.10;
LittleL;0;0.50,0.00,1.00,1.00;0.50,0.00,1.00,1.00;0.50,0.00,1.00,1.00;0.50,0.00,1.00,1.00;0.50,0.00,1.00,1.00;0.00,0.00,0.00,0.00;0.00,0.00,0.00,0.00;0.00,0.00,0.00,0.00;0.00,0.00,0.00,0.00;0.00,0.00,0.00,0.00;0.00,0.00,0.00,0.00;0.00,0.00,0.00,0.00;0.10;
LittleL;0;0.50,0.00,1.00,1.00;0.50,0.00,1.00,1.00;0.50,0.00,1.00,1.00;0.50,0.00,1.00,1.00;0.50,0.00,1.00,1.00;0.00,0.00,0.00,0.00;0.00,0.00,0.00,0.00;0.00,0.00,0.00,0.00;0.00,0.00,0.00,0.00;0.00,0.00,0.00,0.00;0.00,0.00,0.00,0.00;0.00,0.00,0.00,0.00;0.10;
LittleL;0;0.50,0.00,1.00,1.00;0.50,0.00,1.00,1.00;0.50,0.00,1.00,1.00;0.50,0.00,1.00,1.00;0.50,0.00,1.00,1.00;0.00,0.00,0.00,0.00;0.00,0.00,0.00,0.00;0.00,0.00,0.00,0.00;0.00,0.00,0.00,0.00;0.00,0.00,0.00,0.00;0.00,0.00,0.00,0.00;0.00,0.00,0.00,0.00;0.10;
LittleR;0;1.00,0.00,1.00,1.00;1.00,0.00,1.00,1.00;1.00,0.00,1.00,1.00;1.00,0.00,1.00,1.00;1.00,0.00,1.00,1.00;0.00,0.00,0.00,0.00;0.00,0.00,0.00,0.00;0.00,0.00,0.00,0.00;0.00,0.00,0.00,0.00;0.00,0.00,0.00,0.00;0.00,0.00,0.00,0.00;0.00,0.00,0.00,0.00;0.10;
LittleR;0;1.00,0.00,1.00,1.00;1.00,0.00,1.00,1.00;1.00,0.00,1.00,1.00;1.00,0.00,1.00,1.00;1.00,0.00,1.00,1.00;0.00,0.00,0.00,0.00;0.00,0.00,0.00,0.00;0.00,0.00,0.00,0.00;0.00,0.00,0.00,0.00;0.00,0.00,0.00,0.00;0.00,0.00,0.00,0.00;0.00,0.00,0.00,0.00;0.10;
LittleR;0;1.00,0.00,1.00,1.00;1.00,0.00,1.00,1.00;1.00,0.00,1.00,1.00;1.00,0.00,1.00,1.00;1.00,0.00,1.00,1.00;0.00,0.00,0.00,0.00;0.00,0.00,0.00,0.00;0.00,0.00,0.00,0.00;0.00,0.00,0.00,0.00;0.00,0.00,0.00,0.00;0.00,0.00,0.00,0.00;0.00,0.00,0.00,0.00;0.10;
LittleR;0;0.50,0.00,1.00,1.00;0.50,0.00,1.00,1.00;0.50,0.00,1.00,1.00;0.50,0.00,1.00,1.00;0.50,0.00,1.00,1.00;0.00,0.00,0.00,0.00;0.00,0.00,0.00,0.00;0.00,0.00,0.00,0.00;0.00,0.00,0.00,0.00;0.00,0.00,0.00,0.00;0.00,0.00,0.00,0.00;0.00,0.00,0.00,0.00;0.10;
LittleR;0;0.50,0.00,1.00,1.00;0.50,0.00,1.00,1.00;0.50,0.00,1.00,1.00;0.50,0.00,1.00,1.00;0.50,0.00,1.00,1.00;0.00,0.00,0.00,0.00;0.00,0.00,0.00,0.00;0.00,0.00,0.00,0.00;0.00,0.00,0.00,0.00;0.00,0.00,0.00,0.00;0.00,0.00,0.00,0.00;0.00,0.00,0.00,0.00;0.10;
LittleR;0;0.50,0.00,1.00,1.00;0.50,0.00,1.00,1.00;0.50,0.00,1.00,1.00;0.50,0.00,1.00,1.00;0.50,0.00,1.00,1.00;0.00,0.00,0.00,0.00;0.00,0.00,0.00,0.00;0.00,0.00,0.00,0.00;0.00,0.00,0.00,0.00;0.00,0.00,0.00,0.00;0.00,0.00,0.00,0.00;0.00,0.00,0.00,0.00;0.10;
WristE;0;1.00,0.00,1.00,1.00;1.00,0.00,1.00,1.00;1.00,0.00,1.00,1.00;1.00,0.00,1.00,1.00;1.00,0.00,1.00,1.00;0.00,0.00,0.00,0.00;0.00,0.00,0.00,0.00;0.00,0.00,0.00,0.00;0.00,0.00,0.00,0.00;0.00,0.00,0.00,0.00;0.00,0.00,0.00,0.00;0.00,0.00,0.00,0.00;0.10;
WristE;0;1.00,0.00,1.00,1.00;1.00,0.00,1.00,1.00;1.00,0.00,1.00,1.00;1.00,0.00,1.00,1.00;1.00,0.00,1.00,1.00;0.00,0.00,0.00,0.00;0.00,0.00,0.00,0.00;0.00,0.00,0.00,0.00;0.00,0.00,0.00,0.00;0.00,0.00,0.00,0.00;0.00,0.00,0.00,0.00;0.00,0.00,0.00,0.00;0.10;
WristE;0;1.00,0.00,1.00,1.00;1.00,0.00,1.00,1.00;1.00,0.00,1.00,1.00;1.00,0.00,1.00,1.00;1.00,0.00,1.00,1.00;0.00,0.00,0.00,0.00;0.00,0.00,0.00,0.00;0.00,0.00,0.00,0.00;0.00,0.00,0.00,0.00;0.00,0.00,0.00,0.00;0.00,0.00,0.00,0.00;0.00,0.00,0.00,0.00;0.10;
WristE;0;0.50,0.00,1.00,1.00;0.50,0.00,1.00,1.00;0.50,0.00,1.00,1.00;0.50,0.00,1.00,1.00;0.50,0.00,1.00,1.00;0.00,0.00,0.00,0.00;0.00,0.00,0.00,0.00;0.00,0.00,0.00,0.00;0.00,0.00,0.00,0.00;0.00,0.00,0.00,0.00;0.00,0.00,0.00,0.00;0.00,0.00,0.00,0.00;0.10;
WristE;0;0.50,0.00,1.00,1.00;0.50,0.00,1.00,1.00;0.50,0.00,1.00,1.00;0.50,0.00,1.00,1.00;0.50,0.00,1.00,1.00;0.00,0.00,0.00,0.00;0.00,0.00,0.00,0.00;0.00,0.00,0.00,0.00;0.00,0.00,0.00,0.00;0.00,0.00,0.00,0.00;0.00,0.00,0.00,0.00;0.00,0.00,0.00,0.00;0.10;
WristE;0;0.50,0.00,1.00,1.00;0.50,0.00,1.00,1.00;0.50,0.00,1.00,1.00;0.50,0.00,1.00,1.00;0.50,0.00,1.00,1.00;0.00,0.00,0.00,0.00;0.00,0.00,0.00,0.00;0.00,0.00,0.00,0.00;0.00,0.00,0.00,0.00;0.00,0.00,0.00,0.00;0.00,0.00,0.00,0.00;0.00,0.00,0.00,0.00;0.10;
WristF;0;1.00,0.00,1.00,1.00;1.00,0.00,1.00,1.00;1.00,0.00,1.00,1.00;1.00,0.00,1.00,1.00;1.00,0.00,1.00,1.00;0.00,0.00,0.00,0.00;0.00,0.00,0.00,0.00;0.00,0.00,0.00,0.00;0.00,0.00,0.00,0.00;0.00,0.00,0.00,0.00;0.00,0.00,0.00,0.00;0.00,0.00,0.00,0.00;0.10;
WristF;0;1.00,0.00,1.00,1.00;1.00,0.00,1.00,1.00;1.00,0.00,1.00,1.00;1.00,0.00,1.00,1.00;1.00,0.00,1.00,1.00;0.00,0.00,0.00,0.00;0.00,0.00,0.00,0.00;0.00,0.00,0.00,0.00;0.00,0.00,0.00,0.00;0.00,0.00,0.00,0.00;0.00,0.00,0.00,0.00;0.00,0.00,0.00,0.00;0.10;
WristF;0;1.00,0.00,1.00,1.00;1.00,0.00,1.00,1.00;1.00,0.00,1.00,1.00;1.00,0.00,1.00,1.00;1.00,0.00,1.00,1.00;0.00,0.00,0.00,0.00;0.00,0.00,0.00,0.00;0.00,0.00,0.00,0.00;0.00,0.00,0.00,0.00;0.00,0.00,0.00,0.00;0.00,0.00,0.00,0.00;0.00,0.00,0.00,0.00;0.10;
WristF;0;0.50,0.00,1.00,1.00;0.50,0.00,1.00,1.00;0.50,0.00,1.00,1.00;0.50,0.00,1.00,1.00;0.50,0.00,1.00,1.00;0.00,0.00,0.00,0.00;0.00,0.00,0.00,0.00;0.00,0.00,0.00,0.00;0.00,0.00,0.00,0.00;0.00,0.00,0.00,0.00;0.00,0.00,0.00,0.00;0.00,0.00,0.00,0.00;0.10;
WristF;0;0.50,0.00,1.00,1.00;0.50,0.00,1.00,1.00;0.50,0.00,1.00,1.00;0.50,0.00,1.00,1.00;0.50,0.00,1.00,1.00;0.00,0.00,0.00,0.00;0.00,0.00,0.00,0.00;0.00,0.00,0.00,0.00;0.00,0.00,0.00,0.00;0.00,0.00,0.00,0.00;0.00,0.00,0.00,0.00;0.00,0.00,0.00,0.00;0.10;
WristF;0;0.50,0.00,1.00,1.00;0.50,0.00,1.00,1.00;0.50,0.00,1.00,1.00;0.50,0.00,1.00,1.00;0.50,0.00,1.00,1.00;0.00,0.00,0.00,0.00;0.00,0.00,0.00,0.00;0.00,0.00,0.00,0.00;0.00,0.00,0.00,0.00;0.00,0.00,0.00,0.00;0.00,0.00,0.00,0.00;0.00,0.00,0.00,0.00;0.10;
WristL;0;1.00,0.00,1.00,1.00;1.00,0.00,1.00,1.00;1.00,0.00,1.00,1.00;1.00,0.00,1.00,1.00;1.00,0.00,1.00,1.00;0.00,0.00,0.00,0.00;0.00,0.00,0.00,0.00;0.00,0.00,0.00,0.00;0.00,0.00,0.00,0.00;0.00,0.00,0.00,0.00;0.00,0.00,0.00,0.00;0.00,0.00,0.00,0.00;0.10;
WristL;0;1.00,0.00,1.00,1.00;1.00,0.00,1.00,1.00;1.00,0.00,1.00,1.00;1.00,0.00,1.00,1.00;1.00,0.00,1.00,1.00;0.00,0.00,0.00,0.00;0.00,0.00,0.00,0.00;0.00,0.00,0.00,0.00;0.00,0.00,0.00,0.00;0.00,0.00,0.00,0.00;0.00,0.00,0.00,0.00;0.00,0.00,0.00,0.00;0.10;
WristL;0;1.00,0.00,1.00,1.00;1.00,0.00,1.00,1.00;1.00,0.00,1.00,1.00;1.00,0.00,1.00,1.00;1.00,0.00,1.00,1.00;0.00,0.00,0.00,0.00;0.00,0.00,0.00,0.00;0.00,0.00,0.00,0.00;0.00,0.00,0.00,0.00;0.00,0.00,0.00,0.00;0.00,0.00,0.00,0.00;0.00,0.00,0.00,0.00;0.10;
WristL;0;0.50,0.00,1.00,1.00;0.50,0.00,1.00,1.00;0.50,0.00,1.00,1.00;0.50,0.00,1.00,1.00;0.50,0.00,1.00,1.00;0.00,0.00,0.00,0.00;0.00,0.00,0.00,0.00;0.00,0.00,0.00,0.00;0.00,0.00,0.00,0.00;0.00,0.00,0.00,0.00;0.00,0.00,0.00,0.00;0.00,0.00,0.00,0.00;0.10;
WristL;0;0.50,0.00,1.00,1.00;0.50,0.00,1.00,1.00;0.50,0.00,1.00,1.00;0.50,0.00,1.00,1.00;0.50,0.00,1.00,1.00;0.00,0.00,0.00,0.00;0.00,0.00,0.00,0.00;0.00,0.00,0.00,0.00;0.00,0.00,0.00,0.00;0.00,0.00,0.00,0.00;0.00,0.00,0.00,0.00;0.00,0.00,0.00,0.00;0.10;
WristL;0;0.50,0.00,1.00,1.00;0.50,0.00,1.00,1.00;0.50,0.00,1.00,1.00;0.50,0.00,1.00,1.00;0.50,0.00,1.00,1.00;0.00,0.00,0.00,0.00;0.00,0.00,0.00,0.00;0.00,0.00,0.00,0.00;0.00,0.00,0.00,0.00;0.00,0.00,0.00,0.00;0.00,0.00,0.00,0.00;0.00,0.00,0.00,0.00;0.10;
WristR;0;1.00,0.00,1.00,1.00;1.00,0.00,1.00,1.00;1.00,0.00,1.00,1.00;1.00,0.00,1.00,1.00;1.00,0.00,1.00,1.00;0.00,0.00,0.00,0.00;0.00,0.00,0.00,0.00;0.00,0.00,0.00,0.00;0.00,0.00,0.00,0.00;0.00,0.00,0.00,0.00;0.00,0.00,0.00,0.00;0.00,0.00,0.00,0.00;0.10;
WristR;0;1.00,0.00,1.00,1.00;1.00,0.00,1.00,1.00;1.00,0.00,1.00,1.00;1.00,0.00,1.00,1.00;1.00,0.00,1.00,1.00;0.00,0.00,0.00,0.00;0.00,0.00,0.00,0.00;0.00,0.00,0.00,0.00;0.00,0.00,0.00,0.00;0.00,0.00,0.00,0.00;0.00,0.00,0.00,0.00;0.00,0.00,0.00,0.00;0.10;
WristR;0;1.00,0.00,1.00,1.00;1.00,0.00,1.00,1.00;1.00,0.00,1.00,1.00;1.00,0.00,1.00,1.00;1.00,0.00,1.00,1.00;0.00,0.00,0.00,0.00;0.00,0.00,0.00,0.00;0.00,0.00,0.00,0.00;0.00,0.00,0.00,0.00;0.00,0.00,0.00,0.00;0.00,0.00,0.00,0.00;0.00,0.00,0.00,0.00;0.10;
WristR;0;0.50,0.00,1.00,1.00;0.50,0.00,1.00,1.00;0.50,0.00,1.00,1.00;0.50,0.00,1.00,1.00;0.50,0.00,1.00,1.00;0.00,0.00,0.00,0.00;0.00,0.00,0.00,0.00;0.00,0.00,0.00,0.00;0.00,0.00,0.00,0.00;0.00,0.00,0.00,0.00;0.00,0.00,0.00,0.00;0.00,0.00,0.00,0.00;0.10;
WristR;0;0.50,0.00,1.00,1.00;0.50,0.00,1.00,1.00;0.50,0.00,1.00,1.00;0.50,0.00,1.00,1.00;0.50,0.00,1.00,1.00;0.00,0.00,0.00,0.00;0.00,0.00,0.00,0.00;0.00,0.00,0.00,0.00;0.00,0.00,0.00,0.00;0.00,0.00,0.00,0.00;0.00,0.00,0.00,0.00;0.00,0.00,0.00,0.00;0.10;
WristR;0;0.50,0.00,1.00,1.00;0.50,0.00,1.00,1.00;0.50,0.00,1.00,1.00;0.50,0.00,1.00,1.00;0.50,0.00,1.00,1.00;0.00,0.00,0.00,0.00;0.00,0.00,0.00,0.00;0.00,0.00,0.00,0.00;0.00,0.00,0.00,0.00;0.00,0.00,0.00,0.00;0.00,0.00,0.00,0.00;0.00,0.00,0.00,0.00;0.10;