WristF;0;0.00,0.00,0.00,0.00;0.00,0.00,0.00,0.00;0.00,0.00,0.00,0.00;0.00,0.00,0.00,0.00;0.00,0.00,0.00,0.00;0.00,0.00,0.00,0.00;0.00,0.00,0.00,0.00;0.00,0.00,0.00,0.00;0.00,0.00,0.00,0.00;1.00,0.00,0.70,3.00;0.00,0.00,0.00,0.00;0.00,0.00,0.00,0.00;
WristE;0;0.00,0.00,0.00,0.00;0.00,0.00,0.00,0.00;0.00,0.00,0.00,0.00;0.00,0.00,0.00,0.00;0.00,0.00,0.00,0.00;0.00,0.00,0.00,0.00;0.00,0.00,0.00,0.00;0.00,0.00,0.00,0.00;0.00,0.00,0.00,0.00;-1.00,0.00,0.70,3.00;0.00,0.00,0.00,0.00;0.00,0.00,0.00,0.00;
WristPronate;0;0.00,0.00,0.00,0.00;0.00,0.00,0.00,0.00;0.00,0.00,0.00,0.00;0.00,0.00,0.00,0.00;0.00,0.00,0.00,0.00;0.00,0.00,0.00,0.00;0.00,0.00,0.00,0.00;0.00,0.00,0.00,0.00;0.00,0.00,0.00,0.00;0.00,0.00,0.00,0.00;0.00,0.00,0.00,0.00;1.00,0.00,0.70,3.00;
WristSupinate;0;0.00,0.00,0.00,0.00;0.00,0.00,0.00,0.00;0.00,0.00,0.00,0.00;0.00,0.00,0.00,0.00;0.00,0.00,0.00,0.00;0.00,0.00,0.00,0.00;0.00,0.00,0.00,0.00;0.00,0.00,0.00,0.00;0.00,0.00,0.00,0.00;0.00,0.00,0.00,0.00;0.00,0.00,0.00,0.00;-1.00,0.00,0.70,3.00;
Grasp;0;1.00,0.00,0.70,3.00;1.00,0.00,0.70,3.00;1.00,0.00,0.70,3.00;1.00,0.00,0.70,3.00;1.00,0.00,0.70,3.00;0.00,0.00,0.00,0.00;0.00,0.00,0.00,0.00;0.00,0.00,0.00,0.00;0.00,0.00,0.00,0.00;0.00,0.00,0.00,0.00;0.00,0.00,0.00,0.00;0.00,0.00,0.00,0.00;
ExtendAll;0;-1.00,0.00,0.70,3.00;-1.00,0.00,0.70,3.00;-1.00,0.00,0.70,3.00;-1.00,0.00,0.70,3.00;-1.00,0.00,0.70,3.00;0.00,0.00,0.00,0.00;0.00,0.00,0.00,0.00;0.00,0.00,0.00,0.00;0.00,0.00,0.00,0.00;0.00,0.00,0.00,0.00;0.00,0.00,0.00,0.00;0.00,0.00,0.00,0.00;
Grasp_WF;0;1.00,0.00,0.70,3.00;1.00,0.00,0.70,3.00;1.00,0.00,0.70,3.00;1.00,0.00,0.70,3.00;1.00,0.00,0.70,3.00;0.00,0.00,0.00,0.00;0.00,0.00,0.00,0.00;0.00,0.00,0.00,0.00;0.00,0.00,0.00,0.00;1.00,0.00,0.70,3.00;0.00,0.00,0.00,0.00;0.00,0.00,0.00,0.00;
Grasp_WE;0;1.00,0.00,0.70,3.00;1.00,0.00,0.70,3.00;1.00,0.00,0.70,3.00;1.00,0.00,0.70,3.00;1.00,0.00,0.70,3.00;0.00,0.00,0.00,0.00;0.00,0.00,0.00,0.00;0.00,0.00,0.00,0.00;0.00,0.00,0.00,0.00;-1.00,0.00,0.70,3.00;0.00,0.00,0.00,0.00;0.00,0.00,0.00,0.00;
Grasp_WP;0;1.00,0.00,0.70,3.00;1.00,0.00,0.70,3.00;1.00,0.00,0.70,3.00;1.00,0.00,0.70,3.00;1.00,0.00,0.70,3.00;0.00,0.00,0.00,0.00;0.00,0.00,0.00,0.00;0.00,0.00,0.00,0.00;0.00,0.00,0.00,0.00;0.00,0.00,0.00,0.00;0.00,0.00,0.00,0.00;1.00,0.00,0.70,3.00;
Grasp_WS;0;1.00,0.00,0.70,3.00;1.00,0.00,0.70,3.00;1.00,0.00,0.70,3.00;1.00,0.00,0.70,3.00;1.00,0.00,0.70,3.00;0.00,0.00,0.00,0.00;0.00,0.00,0.00,0.00;0.00,0.00,0.00,0.00;0.00,0.00,0.00,0.00;0.00,0.00,0.00,0.00;0.00,0.00,0.00,0.00;-1.00,0.00,0.70,3.00;
